-2.017074417090121141e+00 -2.404913920404485594e-01
-2.184427662413376048e+00 -2.782635517175786055e-01
-2.083205559722214328e+00 -3.065244976300879332e-01
-2.276961409402009195e+00 5.340360662317317209e-02
-2.200364773030534238e+00 -2.916429803859573178e-01
-2.186928045378330854e+00 -2.873550875286093320e-01
-2.129553758527858331e+00 -2.043865170441616363e-01
-2.182459905781597875e+00 -2.429657826005635624e-01
-2.176286712245213639e+00 -2.754662587014239938e-01
-2.199865384925046019e+00 -2.597981365098048223e-01
-2.281189704747832447e+00 -2.638918530983662691e-01
-2.191492014845617398e+00 -2.654209442510410688e-01
-2.295880275420350891e+00 -9.799818261472355296e-02
-2.148952574402211102e+00 -2.556634585271719828e-01
-2.191895842062577149e+00 -2.305426556152203876e-01
-2.122778483900534141e+00 -3.501327477111232933e-01
-2.218959940812682330e+00 -2.550426216564608550e-01
-2.158343028832219179e+00 -2.698906674490290092e-01
-2.178221529798761047e+00 -2.852860565797833425e-01
-2.212831648932370943e+00 -2.415470868059095555e-01
-2.195293006599867702e+00 -2.727145947932960723e-01
-2.136090230689095204e+00 -1.538155999115191352e-01
-2.207301644115097439e+00 -1.076522985386924314e-01
-2.240810799644931794e+00 -2.196844678543932450e-01
-2.189511567620655352e+00 -2.967782251144787664e-01
-2.200289779539937651e+00 -2.687231280400891875e-01
-2.227256321509769599e+00 -3.276823127450212425e-01
-2.189477336088404336e+00 -2.927295125950305499e-01
-2.180295345521174877e+00 -2.663176388772849346e-01
-2.033841737581697284e+00 -2.784864899092020507e-01
-2.245776622200415407e+00 -1.042913689012472805e-01
-2.128027684176438949e+00 -2.213342671927698013e-01
-2.171098100337468306e+00 -2.564052451401170885e-01
-2.017412782264995652e+00 -2.268603893814122030e-01
-2.128820575312957430e+00 -2.261447667732244537e-01
-2.084260931837409458e+00 -3.442685914741473452e-01
-2.259988057598552480e+00 -2.533685695475366151e-01
-2.194556483926848767e+00 -1.799104639753094648e-01
-2.192089998073525781e+00 -2.653945290029756099e-01
-2.185261253023640826e+00 -2.741446103499243225e-01
-2.196230450592422390e+00 -2.757707723511360065e-01
-2.171207749849482838e+00 -3.486148588855136343e-01
-2.196919846853729652e+00 -2.753160327441742661e-01
-1.961983230189922267e+00 -3.449769137836428134e-01
-2.185227090974555697e+00 -2.766444092045857728e-01
-2.192093457297926484e+00 -2.444407885476885534e-01
-2.175004803007409837e+00 -2.700926900616983373e-01
-2.254529075917477865e+00 -2.469104443483585987e-01
-2.164411572258898353e+00 -1.198734519274256838e-01
-2.165444582542624730e+00 -2.804072977825757818e-01
-2.177089560641968458e+00 -2.399517004997908931e-01
-2.190321725564313926e+00 -3.001937396142758674e-01
-2.219288955738385472e+00 -2.667144581591577857e-01
-2.233368930972299715e+00 -2.061783346320706090e-01
-2.338338060155620735e+00 -2.876086822298284384e-01
-2.368055531164569238e+00 -2.181915167505391329e-01
-2.187282630933221395e+00 -2.999071477213534620e-01
-2.195587294082424368e+00 -2.012609209458261494e-01
-2.203196422995349568e+00 -1.495581104235031433e-01
-2.146538817728989468e+00 -3.228828837038503763e-01
-2.194262137037549909e+00 -2.679335107066080912e-01
-2.185245896068862770e+00 -2.726655326032623727e-01
-2.155131110403598615e+00 -2.647517322026385900e-01
1.448342679508413999e+00 1.672143369227462761e+00
1.635718755211237996e+00 1.719205914818841663e+00
1.615776804624223129e+00 1.863507253313158252e+00
1.610201316584708664e+00 1.870544035096474600e+00
1.649021781455154656e+00 1.921357715013071177e+00
1.610105752398561796e+00 1.793568600084745279e+00
1.595478977944126742e+00 1.841072962607309238e+00
1.619823717853837497e+00 1.894253156688625594e+00
1.584427890560232477e+00 1.958323231270911569e+00
1.620635584457768452e+00 1.860601935661126083e+00
1.651239646194272215e+00 1.795750901861121074e+00
1.595850420218610122e+00 1.910165180770374560e+00
1.678556763763662474e+00 1.838087505203373162e+00
1.513967805200364669e+00 1.965805265015442505e+00
1.528821470825329820e+00 2.009019598312265398e+00
1.598340188764979297e+00 1.789230175960042191e+00
1.635515028277930938e+00 1.874518680488522770e+00
1.784502488527546893e+00 1.855077087807996072e+00
1.635691493552874798e+00 1.866927682607502303e+00
1.625496606784213593e+00 1.829198276379330634e+00
1.612703113103059360e+00 1.815525824758712270e+00
1.494200190941007644e+00 1.884963670443462691e+00
1.712117792693193197e+00 1.823796504632919202e+00
1.625073067952782058e+00 1.850697039679609857e+00
1.579254204228666802e+00 1.876810171474910804e+00
1.516111174607720713e+00 1.953281993169795561e+00
1.600747606154502956e+00 1.859704550398582734e+00
1.682304197857899197e+00 1.992121045736777063e+00
1.630467694095131037e+00 1.894025536478414429e+00
1.632999736833553373e+00 1.918287400826557798e+00
1.694772909379679948e+00 1.886138503088690799e+00
1.560544229224807733e+00 1.763827310172416896e+00
1.595082757937662521e+00 2.047682654524072277e+00
1.614120846722237657e+00 1.836735513028538325e+00
1.559634627402539886e+00 1.911474794424541823e+00
1.577361274251815271e+00 1.922275018631646848e+00
1.674460959368921698e+00 1.825176124036625103e+00
1.641893088110644161e+00 1.846995761575839445e+00
1.464428003640675158e+00 1.940431644797882882e+00
1.620855840773354206e+00 1.856745264495181180e+00
1.522605058958395485e+00 1.757239383962504231e+00
1.607470982648506963e+00 1.857569634903301736e+00
1.598817142291157900e+00 1.878681588257418156e+00
1.654029606651523210e+00 1.902140883742807542e+00
1.572343002523184596e+00 2.066559423762566183e+00
1.645276146139257767e+00 1.853060665340716451e+00
1.650712098268306338e+00 1.839414107060554526e+00
1.546950579793564540e+00 1.758107339422018356e+00
1.531606341302559127e+00 1.704196151918274893e+00
1.700541764911516651e+00 1.709091633541709454e+00
1.548267212318854558e+00 1.788957483051098807e+00
1.481199590773053965e+00 1.857357177158860839e+00
1.725367880707853185e+00 1.930892319119803968e+00
1.642877693094690894e+00 2.048348045678478613e+00
1.589880156783996190e+00 1.878278151067754642e+00
1.725712695875079472e+00 1.716889320476655323e+00
1.701045603659571803e+00 1.879687535118880648e+00
1.647000920574064109e+00 1.836221901822394198e+00
1.470395715344021026e+00 1.729244087176180056e+00
1.616952181135501432e+00 1.833170685120303789e+00
1.634772256330210283e+00 1.857374580634121530e+00
1.617330738203748730e+00 1.865097976316188344e+00
1.582525073946100092e+00 1.829915203232715948e+00
1.612736959224122524e+00 1.871507647343136460e+00
6.535085741643369417e-01 -3.087418925116712232e-01
7.029620837998483696e-01 -3.543526139911133410e-01
7.254614783815811485e-01 -3.387782411711265373e-01
7.927351353122462640e-01 -3.974417244438626096e-01
7.246498473878228985e-01 -3.416797330341855843e-01
7.220756216845992670e-01 -3.100590806643417352e-01
7.049115702417099172e-01 -3.070529456262840462e-01
7.402440157520907560e-01 -3.274143042994041020e-01
6.979347682336486391e-01 -3.717382758096067774e-01
6.501917766698085410e-01 -3.911617369424771895e-01
5.758476652364011850e-01 -3.408532189941711477e-01
6.544966500036261126e-01 -3.572858539115154608e-01
6.857684551970354425e-01 -3.069538012724211118e-01
8.048012543633161764e-01 -4.320601716876342618e-02
7.591610994852355798e-01 -3.860612918985308895e-01
6.530118628129147895e-01 -3.017179716646421483e-01
7.311720967407180360e-01 -3.214310143305254552e-01
7.312110936409562667e-01 -3.161379718897738278e-01
6.651088771257923637e-01 -3.456205385055478030e-01
6.828207039425222558e-01 -3.139269543022390474e-01
7.516516112053347465e-01 -3.408860691658880948e-01
9.472082384786806308e-01 -4.689940386811192741e-01
7.661193931653270672e-01 -3.209297541267169263e-01
6.749138663218186007e-01 -2.957271144247454742e-01
7.000294710267458420e-01 -4.625129525307085099e-01
7.263303934591539557e-01 -3.100047586872060612e-01
7.058790705180614244e-01 -3.253883157431912143e-01
7.004778862336467071e-01 -3.378172866502949234e-01
6.968774770523674666e-01 -3.773965017953860301e-01
7.403661015000500001e-01 -3.291384268466358565e-01
7.147457037022013626e-01 -2.905068494599818418e-01
7.066624467609106119e-01 -3.420583961536221573e-01
7.622250430845782798e-01 -2.671254633483042817e-01
6.590324191244114616e-01 -1.995010387729089785e-01
7.099223960534012390e-01 -2.791395942931572116e-01
7.631489545344843917e-01 -3.146577547768104610e-01
5.270821528708529158e-01 -4.274040314395106122e-01
6.799687310975580656e-01 -4.254635247760898409e-01
7.259403259168091260e-01 -4.132010277005699894e-01
7.097456010596933096e-01 -3.220504280294554378e-01
6.741301460115308730e-01 -3.095832875754571667e-01
7.907184034194213451e-01 -2.597175222084218138e-01
7.231579515112135370e-01 -3.469816390968504249e-01
7.150698955168518500e-01 -3.252659892111861017e-01
6.485048839478848581e-01 -3.584676453810433094e-01
7.045296643761302935e-01 -3.128675344241745315e-01
6.441068835056453779e-01 -3.740458353587239881e-01
7.203896135552696478e-01 -3.311201501956649862e-01
7.195272190020635117e-01 -3.229520549404562013e-01
7.168091192743574203e-01 -4.119302552986598975e-01
7.001201790995688068e-01 -2.705657961092551855e-01
7.020317339177651883e-01 -3.967071479278116986e-01
7.396447636015239802e-01 -2.739133018163014133e-01
7.480028996203325065e-01 -2.995657517362406153e-01
6.864820486378603315e-01 -3.419100097064602939e-01
6.956354453608132316e-01 -3.854105054931948882e-01
6.939108070972036524e-01 -3.222607162826041094e-01
7.547496093921119975e-01 -3.001135530242764471e-01
7.192741457278188921e-01 -3.186445856954643885e-01
7.319677423665517102e-01 -3.454299762713795574e-01
7.642914883704355899e-01 -2.940080935702871212e-01
7.084633656583182448e-01 -3.087364988402945265e-01
7.508639499010705265e-01 -3.429500624170988554e-01
7.384664451637084071e-01 -3.400347893138305766e-01
-1.512370242552313115e+00 -2.709333886803906299e+00
-1.507490733589137211e+00 -2.715703373151863609e+00
-1.557540599339219511e+00 -2.656451530701230634e+00
-1.528061776855403009e+00 -2.697199038237506397e+00
-1.640617205355949126e+00 -2.802101563386707461e+00
-1.466714857520529991e+00 -2.662265961516382617e+00
-1.534003289124409530e+00 -2.827956046581631355e+00
-1.511854575284399482e+00 -2.717574453423380998e+00
-1.467232317019438792e+00 -2.685155345727132215e+00
-1.397960162393800054e+00 -2.778867832840018703e+00
-1.490173479146541302e+00 -2.711048656343811647e+00
-1.533416088398825927e+00 -2.930657797098526363e+00
-1.524456388661536099e+00 -2.712824040180896290e+00
-1.549210081561991137e+00 -2.757102646377776356e+00
-1.520819547053853027e+00 -2.578559751921365439e+00
-1.495404640116449135e+00 -2.772524260042816380e+00
-1.555953472719229902e+00 -2.717082444231137650e+00
-1.483512249472627387e+00 -2.701132803192803689e+00
-1.511521534957188440e+00 -2.732710197179904377e+00
-1.500540951407353996e+00 -2.714048189955047707e+00
-1.434020327470635126e+00 -2.753195612573499318e+00
-1.509990185043283306e+00 -2.760313593537433441e+00
-1.499254925320553156e+00 -2.721585575639086318e+00
-1.488073988272055281e+00 -2.846364587433494187e+00
-1.682844086386162008e+00 -2.571118231586484448e+00
-1.540890357328316806e+00 -2.528234421707114432e+00
-1.524259001910489575e+00 -2.727706223885715264e+00
-1.500878267920840559e+00 -2.715513159252457953e+00
-1.525941296259370361e+00 -2.758477519908631770e+00
-1.502555016403577692e+00 -2.719570913527870282e+00
-1.516431293136858427e+00 -2.712449622063155985e+00
-1.494513982169142663e+00 -2.716151147552646528e+00
-1.489768962115308293e+00 -2.720485031301171475e+00
-1.600951482374219026e+00 -2.598118264564492907e+00
-1.499518658075195576e+00 -2.734012595395020284e+00
-1.434792044679470635e+00 -2.745398769500243752e+00
-1.541456974035171790e+00 -2.642795280383378742e+00
-1.360523955614350244e+00 -2.704770276733441392e+00
-1.525598469722122319e+00 -2.699110887385844926e+00
-1.668971666985859859e+00 -2.701148943647723399e+00
-1.495154136705689973e+00 -2.722197895455370720e+00
-1.532311648025721063e+00 -2.714035530045971534e+00
-1.540780807266446173e+00 -2.601735359834731476e+00
-1.602886178372344483e+00 -2.763612701931486004e+00
-1.509822818552181811e+00 -2.713240690302738400e+00
-1.512237285254715458e+00 -2.727419208711725940e+00
-1.495290025385633381e+00 -2.636200174621943670e+00
-1.491271449620731326e+00 -2.687324158810270536e+00
-1.467225997352449962e+00 -2.748985326024803832e+00
-1.271611242084683013e+00 -2.654412838271801078e+00
-1.510517496249391911e+00 -2.639146271528493237e+00
-1.513684597414587829e+00 -2.735408098054177284e+00
-1.524437801532724013e+00 -2.674800750720760956e+00
-1.635736688516703730e+00 -2.675337682881218093e+00
-1.508339552483089374e+00 -2.713403805737112151e+00
-1.491733272716669445e+00 -2.726879847930527845e+00
-1.397001458353283487e+00 -2.882984684837412104e+00
-1.463838851593373347e+00 -2.679504926643330176e+00
-1.513627944688684224e+00 -2.716647337421023156e+00
-1.266042317720051269e+00 -2.551887138647793041e+00
-1.569604931084551458e+00 -2.751862048721758214e+00
-1.489894833335489110e+00 -2.720525819534964640e+00
-1.420049750537118571e+00 -2.784586976990889529e+00
-1.522288597359000351e+00 -2.786005354761603048e+00
1.749663447734751021e+00 -2.957944357059614671e+00
1.880620259181634335e+00 -2.881797207872225375e+00
1.859722702289769991e+00 -2.924142843820092708e+00
1.852126919529658355e+00 -2.943765707170693524e+00
1.963421616302561956e+00 -3.067467539445956959e+00
1.792062603473361548e+00 -2.973809770644928463e+00
1.862959739249082869e+00 -2.931912039539735115e+00
1.840063290855085576e+00 -2.944448570136430465e+00
1.876719771394331771e+00 -2.936786999060202685e+00
1.865508359773559333e+00 -2.893885844791195261e+00
1.897905279970207415e+00 -2.816476209510448747e+00
1.863358258817804369e+00 -2.924467421584827864e+00
1.853937691997368242e+00 -2.927581242653331195e+00
1.844260844556142365e+00 -2.920050943960603274e+00
1.811068045978932561e+00 -2.858359104146693586e+00
1.825058306136060349e+00 -2.935383309381604189e+00
1.842534859622733778e+00 -2.943653592304261490e+00
1.850490372794019844e+00 -2.812352741103794518e+00
1.844584290790811876e+00 -2.977603690414903692e+00
1.870014575612598318e+00 -2.975588357598494049e+00
1.859902327084653972e+00 -2.954405651093816143e+00
1.821034889853980321e+00 -2.920609767708835847e+00
1.712791580433282501e+00 -2.856422720901582668e+00
1.821163433115766006e+00 -3.028401693770891523e+00
1.738463493515150615e+00 -2.950771717514136139e+00
1.781510458651847761e+00 -2.954812212518420633e+00
1.996117559908186401e+00 -2.994054134678500567e+00
1.887673751508292863e+00 -2.936834994663029441e+00
1.864476103210326752e+00 -2.876994474311729721e+00
1.843133470366915994e+00 -2.925583903299826094e+00
1.853553489039164948e+00 -2.946199502274074344e+00
1.845641739990594443e+00 -2.960006305333752863e+00
1.847570611700259713e+00 -2.938284957146126697e+00
1.903768812866666993e+00 -2.920677637240272073e+00
1.862211515017064167e+00 -2.950116449613470859e+00
1.833823924149380336e+00 -2.888002950184703099e+00
1.935594035724897077e+00 -2.862346844136407498e+00
1.790584263939236864e+00 -2.919576788049893956e+00
1.823471458250244925e+00 -2.854780323133102815e+00
1.852026316320788180e+00 -2.943773461691117976e+00
1.832743696422806989e+00 -2.949639304821380481e+00
1.868056704957124392e+00 -2.928070051312297029e+00
1.968475075112354311e+00 -2.966805751679136183e+00
1.914082426934615278e+00 -2.972084270806104822e+00
1.857352160678988229e+00 -2.941234498289067911e+00
1.791091739072119937e+00 -2.953353378413322350e+00
1.849640741510111930e+00 -2.871202806189670387e+00
1.869661260002586145e+00 -2.982326671195435264e+00
1.821717288889634467e+00 -2.967734732162401912e+00
1.861296609181343653e+00 -2.935692620664365204e+00
1.758652301046842892e+00 -2.798159677974836779e+00
1.820633473775501443e+00 -2.962106106690742369e+00
1.874047428350705147e+00 -2.941439050626617480e+00
1.915939231753466254e+00 -2.988034746348144921e+00
1.829620398300205952e+00 -2.913685398951101124e+00
1.858943328250417082e+00 -2.939040043880400077e+00
1.720117163891020207e+00 -2.919325523923332444e+00
1.872370941479552631e+00 -2.955534385269406705e+00
1.819482914195319045e+00 -2.958763249222986946e+00
1.908578817776501513e+00 -2.797214057160039680e+00
1.876434002252991506e+00 -2.907493089278763154e+00
1.773027246685656699e+00 -2.829446459425740024e+00
1.915507389593007925e+00 -3.087889619000342201e+00
1.819138839955247722e+00 -2.941515112891832207e+00
2.228208669633204408e+00 1.987098634907792816e+00
2.204229088557549066e+00 1.981205351634670375e+00
2.203519592187632714e+00 1.963740657844116111e+00
2.205987107399587810e+00 1.952571715673474539e+00
2.193265895790244446e+00 1.939001013352312786e+00
2.210622437537208995e+00 1.962460261636229664e+00
2.200197000316058027e+00 1.976760273180381056e+00
2.174525891365501895e+00 1.983971407025270528e+00
2.259430390655855714e+00 1.975079155030732281e+00
2.204682128550269127e+00 1.979506265163435641e+00
2.219887134350489788e+00 1.936674823886210373e+00
2.220323030741213621e+00 1.946376648224223072e+00
2.216892340192769595e+00 1.977289946070355686e+00
2.225490199701962268e+00 1.979857981684224999e+00
2.223340212793382786e+00 1.978963271872589580e+00
2.169688687020565165e+00 1.965874598296279308e+00
2.207838531622265954e+00 1.978733518795688484e+00
2.206616252115259247e+00 1.954835340986178061e+00
2.215155605552542539e+00 1.983736128140621613e+00
2.190366221488066589e+00 1.982928154263663423e+00
2.198069308727611304e+00 2.002794861859297448e+00
2.238569349577888001e+00 1.973160817796672406e+00
2.197710826469067680e+00 1.915516235240815934e+00
2.190766072306441270e+00 1.925332347417372247e+00
2.218223599605546603e+00 1.959075629395865104e+00
2.262737191842877138e+00 1.985422248255432898e+00
2.203605431370738277e+00 1.926511205888938871e+00
2.181265337556691275e+00 1.950617343600220099e+00
2.283640695642406460e+00 1.966177599124014241e+00
2.233786407042574140e+00 1.946288095719552080e+00
2.221242436660291197e+00 1.961196559041532339e+00
2.222252067874553649e+00 1.958430239427090935e+00
2.227815736541408853e+00 1.968625306215154414e+00
2.218988425130654640e+00 1.978543140153633972e+00
2.227838159141006802e+00 1.948931490806446565e+00
2.215763765529482399e+00 1.969104394283186954e+00
2.215271457541564182e+00 1.963199918340288175e+00
2.179437307248064837e+00 2.041143667707348008e+00
2.208959425214259475e+00 1.963730933429004732e+00
2.223029236576236300e+00 1.961604156939362964e+00
2.265295948004327542e+00 1.976190318736852802e+00
2.240470904622163140e+00 1.979101370179130681e+00
2.206436890271789242e+00 1.970485504042991387e+00
2.238840121779528847e+00 1.952389225953476082e+00
2.203568271050745153e+00 1.957864680867877905e+00
2.202118880557652592e+00 1.975080899125269074e+00
2.182833809441927286e+00 1.947875298644989428e+00
2.205545590957367352e+00 1.964231488059208441e+00
2.211344188919739828e+00 1.971321281092350608e+00
2.204187693369535683e+00 1.956753239632978314e+00
2.238572481792639124e+00 1.981806709384076992e+00
2.229079485695280471e+00 1.955967779606549994e+00
2.202386680365322924e+00 1.969301316346167674e+00
2.183977545998800895e+00 2.001228199187576884e+00
2.218783894986992244e+00 1.970850856834698739e+00
2.198005626839880655e+00 1.978808828575102652e+00
2.228695164505268611e+00 1.978998256323617921e+00
2.213582893027207898e+00 1.958043181807781252e+00
2.206426939741688020e+00 1.994043184007280090e+00
2.275001593507525843e+00 2.012025999395849585e+00
2.229834614704405471e+00 1.970358296983194313e+00
2.194993847516640617e+00 1.929729789703598986e+00
2.221978434804099845e+00 1.958642361139026011e+00
2.225908945918602999e+00 1.954396585486433802e+00
2.678974370737446709e+00 -6.413410946281481451e-01
2.720390459496550672e+00 -6.866419289171411533e-01
2.761607405334276510e+00 -6.703412993418732535e-01
2.455824976388769620e+00 -5.238677879710136320e-01
2.642561756296804898e+00 -6.277145568050116475e-01
2.687446829181318275e+00 -6.069702693573457708e-01
2.687242878507307697e+00 -6.293330351670941569e-01
2.681550225536599275e+00 -6.088114620771370999e-01
2.648964745293130196e+00 -6.144297478388514033e-01
2.689813607364159420e+00 -6.760682996298470471e-01
2.675937757845089138e+00 -6.183700473476738679e-01
2.677974969142042472e+00 -6.172964234542721584e-01
2.676081247261385077e+00 -6.105851987098732669e-01
2.693891350851545408e+00 -5.781555352401304138e-01
2.662108858696397462e+00 -6.377870304097372767e-01
2.643016927223241108e+00 -6.085881769304823941e-01
2.655002149980214998e+00 -6.012842667063221791e-01
2.612732683803411060e+00 -4.720127501308868379e-01
2.689936086355203759e+00 -5.962716831953618346e-01
2.638497866701061678e+00 -6.274060113990156395e-01
2.671669223099081947e+00 -6.162933874627132269e-01
2.690311148005370523e+00 -6.111144828300367760e-01
2.662690327241926447e+00 -6.536967152689251437e-01
2.746393193147979694e+00 -6.738993763654494984e-01
2.674270552882348717e+00 -6.085603725898423022e-01
2.749850381776187014e+00 -6.113649877214577533e-01
2.693243950685207277e+00 -3.410156065541948278e-01
2.659397961017503143e+00 -6.257311300805273868e-01
2.844591589211470151e+00 -3.898456146615669748e-01
2.674471228309215132e+00 -6.337231915553287465e-01
2.682639401556363712e+00 -6.160796936619360453e-01
2.712184296712698561e+00 -5.881963092379425273e-01
2.753415020102319311e+00 -6.288333978470619368e-01
2.663577738450932042e+00 -6.346073914521103143e-01
2.473246558490552083e+00 -6.056931176602199374e-01
2.679752966969985106e+00 -6.086327679132310653e-01
2.737443981008374383e+00 -6.674771747277086220e-01
2.637996359239754174e+00 -6.726363088095533849e-01
2.668256008510989208e+00 -5.142084678664174957e-01
2.643280688490589725e+00 -6.387229052070821922e-01
2.679201629634534676e+00 -6.333418035993503281e-01
2.632897646573400863e+00 -6.184109736400350554e-01
2.677748843855819683e+00 -6.301698462805243039e-01
2.648955661643119797e+00 -6.205929515863792822e-01
2.692365558893703881e+00 -5.888760350911660391e-01
2.676799209813925717e+00 -6.160707246607380894e-01
2.685633280067911244e+00 -6.508245556349362415e-01
2.731438349143225253e+00 -6.125867704275543835e-01
2.687980131190262245e+00 -6.260723949408590894e-01
2.672752919085820800e+00 -5.631943759618692757e-01
2.693773669565873607e+00 -6.997972107315503232e-01
2.692795511575249545e+00 -6.423568075252640286e-01
2.537272584849254553e+00 -8.298965948569251294e-01
2.674641484803921720e+00 -6.051388945464332147e-01
2.526710199600901152e+00 -6.460227818857128268e-01
2.697615966370565665e+00 -6.507810031592254907e-01
2.825553836021026832e+00 -6.746501961533069025e-01
2.714216237653110486e+00 -6.363625623607096493e-01
2.684865887873789880e+00 -6.788002961548372793e-01
2.624475271714048041e+00 -5.818493059442720883e-01
2.656650507149854956e+00 -6.158848039334567925e-01
2.681550225536599275e+00 -6.088114620771370999e-01
2.751355332077272564e+00 -6.703281630193163032e-01
2.693195725656086559e+00 -5.861122413928824271e-01
-3.911207966757475063e+00 -1.613700716548098102e+00
-3.872302200368555436e+00 -1.636484566014194009e+00
-4.021221436786571957e+00 -1.518150312867646567e+00
-3.945660756365851007e+00 -1.651927436574835761e+00
-4.042690200537112588e+00 -1.556317610059553269e+00
-3.907892022442372326e+00 -1.649588809152828350e+00
-4.004655025329880935e+00 -1.549355849531405704e+00
-3.787839245425303147e+00 -1.726610622933470562e+00
-3.871949075364115256e+00 -1.706157744395331743e+00
-3.913914903499189801e+00 -1.628941532699833772e+00
-3.895147007585411103e+00 -1.648727571188640662e+00
-3.859158997621524367e+00 -1.636581320324416167e+00
-3.990757719707324735e+00 -1.537835374438288660e+00
-3.919689206088423639e+00 -1.643492756380072972e+00
-3.914138003643532038e+00 -1.521218807623002434e+00
-3.904478762844845185e+00 -1.622117357447389052e+00
-3.958329359489443089e+00 -1.744981380714333064e+00
-4.012400442635883024e+00 -1.540091330528109870e+00
-3.961785003059549837e+00 -1.682775943557783149e+00
-3.986915832214227962e+00 -1.680392533878936945e+00
-3.892139664230549467e+00 -1.626559125715455467e+00
-3.898340444492883972e+00 -1.674876796634150677e+00
-3.878351381232651995e+00 -1.672844328642975720e+00
-3.915087005173741197e+00 -1.533958933722981088e+00
-3.908894644084338399e+00 -1.576470450893489694e+00
-3.973509695335430969e+00 -1.700210753844906719e+00
-3.899572109940941722e+00 -1.602227641573953809e+00
-3.919915252565701724e+00 -1.628185551725964242e+00
-3.896194602077388769e+00 -1.657214276710534229e+00
-3.839643986622677030e+00 -1.604007410495203789e+00
-3.911283099194536650e+00 -1.648716266314287138e+00
-3.913760265409353956e+00 -1.624907769855437278e+00
-3.917911310420924220e+00 -1.632839668016632162e+00
-3.921165405506820356e+00 -1.662111338486825129e+00
-3.916332327038636318e+00 -1.622238937754687083e+00
-3.938399998189364482e+00 -1.641769198042688727e+00
-3.875357993826481273e+00 -1.637765013560496863e+00
-3.915431804465905330e+00 -1.557922372352231077e+00
-3.920290229627193312e+00 -1.630053655625847364e+00
-3.768456266046253056e+00 -1.531353936679877403e+00
-3.954420287917731258e+00 -1.656346607830233131e+00
-3.930093497799614255e+00 -1.649977734749949354e+00
-3.900592289500464105e+00 -1.607890096130632385e+00
-3.932411097459858951e+00 -1.726266600602413215e+00
-3.905891014487317570e+00 -1.644347922101332404e+00
-3.920290229627193312e+00 -1.630053655625847364e+00
-3.959962333261493939e+00 -1.591180035176531726e+00
-3.916488359149040033e+00 -1.629706281455495231e+00
-3.864773586991323562e+00 -1.576900259001290383e+00
-3.899260450537557432e+00 -1.645221122047425766e+00
-3.927123153756880924e+00 -1.604111456406997593e+00
-3.891313643206554929e+00 -1.647800995083150477e+00
-3.918279062037266058e+00 -1.587491346006103088e+00
-3.862731471864731425e+00 -1.664639129378429505e+00
-3.903784045711109041e+00 -1.635811756795310101e+00
-3.914160501000553349e+00 -1.657124526074194026e+00
-3.913262472863114905e+00 -1.513910471922440104e+00
-3.918572086422747791e+00 -1.611769611395736712e+00
-3.920149045347912420e+00 -1.614931167167880988e+00
-3.926622426005424327e+00 -1.624986300580351539e+00
-3.938087803431368883e+00 -1.623633417214660479e+00
-3.871795850493372271e+00 -1.620765968995449668e+00
-3.913913997575427572e+00 -1.669924409956077715e+00
-3.912001280477676701e+00 -1.690289977195202464e+00
-2.372322951203273689e-01 1.487475886820731619e+00
-1.677133962902375985e-01 1.652297588435374331e+00
-1.522207416255821066e-01 1.645606318327678341e+00
4.004016963979882895e-03 1.684434864150126998e+00
-2.253033284965005600e-01 1.661105188719214087e+00
-2.009657247093012966e-01 1.594588327458551946e+00
-3.366113747981431259e-01 1.853356269586902361e+00
-1.500116056804666198e-01 1.641637288488311031e+00
-1.303294458239747100e-01 1.664292786913377231e+00
-4.048239978803053196e-02 1.723350518461443937e+00
-5.899911456869187665e-02 1.646128208147350058e+00
-7.797019490096102068e-02 1.684610249524134407e+00
-1.659597047861834651e-01 1.657045777350645732e+00
-1.525102339766195858e-01 1.605367208539163038e+00
-1.446199101601826353e-01 1.637513071751537597e+00
-9.907782928803234024e-02 1.602674187212505652e+00
-1.269024213672735879e-01 1.650346766164056289e+00
-1.613149455659551867e-01 1.667655480343734897e+00
-1.701546525702799795e-01 1.550408153923580334e+00
-1.884186919678782213e-01 1.636578303364340181e+00
-2.643965402713198132e-01 1.710520576151989935e+00
-1.518365544998781791e-01 1.638969832934958237e+00
-2.144804504823497049e-01 1.709622245971719634e+00
-1.360690221804618516e-01 1.648616968978827924e+00
-1.534156263578319301e-01 1.650797512087781582e+00
-1.974283301901343934e-01 1.767549813588354501e+00
-1.126971853435594917e-01 1.752353848351810184e+00
-2.322253203896718909e-01 1.642634720659789327e+00
-2.424480251709975609e-01 1.586347594958441798e+00
-1.620802044913119133e-01 1.642836724799562775e+00
-1.789449745131535818e-01 1.634223351613501185e+00
-1.076285449807828087e-01 1.668873207354085730e+00
-1.505856786752916843e-01 1.651254403336857690e+00
-2.226477686438539938e-01 1.544696118754190106e+00
-1.566148114922131240e-01 1.648711176330345252e+00
-1.502420235471425003e-01 1.655882538181038255e+00
-1.479966500070858948e-01 1.614054870775241790e+00
-1.535383082991632064e-01 1.683068646589700013e+00
-1.380097118136436873e-01 1.533363702274304519e+00
-1.683304153659310465e-01 1.640050042403620401e+00
-1.693847465091819493e-01 1.650543200433469249e+00
-1.269964479056012452e-01 1.659978472513883752e+00
-2.183739078576600046e-01 1.800489764469695775e+00
-1.399827567411873475e-01 1.648582968568894858e+00
-5.774998103973898872e-02 1.645202103621602907e+00
-1.348139993601545905e-01 1.600576882198937900e+00
-1.667711708971525153e-01 1.616033790970017536e+00
-6.675230101960130669e-02 1.598837480761398311e+00
-1.736802964789747050e-01 1.627485753120978318e+00
-1.644427058900529703e-01 1.643238555760343056e+00
-1.448013018388822903e-01 1.791875895628444848e+00
-1.516621164180625148e-01 1.634433877558231885e+00
-8.746162003496762982e-02 1.532537043833487322e+00
-1.139903258140499004e-01 1.671347468516736656e+00
-1.512688635102649171e-01 1.711955757346906415e+00
-2.297276493744568326e-01 1.675439621660496980e+00
-1.733990663601330529e-01 1.658678789123031239e+00
-8.264174942033039595e-02 1.642627487170162937e+00
8.413969128911194528e-02 1.567936752392043775e+00
-2.199796588960966359e-01 1.628832883376415630e+00
-1.654775029976812140e-01 1.635081489118642484e+00
-9.345084754955493289e-02 1.540722513343187883e+00
-1.559074541521372204e-01 1.621724348574524521e+00
-1.631353345861212834e-01 1.655162797386320328e+00
1.908371577810631603e+00 1.559033410046995582e+00
1.938827121011030830e+00 1.560981293814333259e+00
1.952976362952517642e+00 1.578135263369768948e+00
1.916561701298738374e+00 1.467571020841089258e+00
1.935677266883362169e+00 1.556855889294415540e+00
2.003474129413953975e+00 1.534533741340706969e+00
2.003760900599357520e+00 1.578259313175089940e+00
1.970010294291606678e+00 1.573528356887605284e+00
1.932045440613127329e+00 1.547125015180868424e+00
1.976629850320134274e+00 1.572809997139435145e+00
1.995029161752138069e+00 1.521054461358343657e+00
1.889086531579624584e+00 1.568892679620664810e+00
1.921344344836455775e+00 1.565626511621950101e+00
2.022607201187865744e+00 1.504946363465129000e+00
2.010781204237667374e+00 1.468941447711074710e+00
1.921741210755288698e+00 1.549616678981981632e+00
1.794730004873365203e+00 1.619039533083517002e+00
2.197669744846339146e+00 1.643855702178518730e+00
1.992783661894026226e+00 1.556021502748087038e+00
2.019684915632387501e+00 1.498323021265264510e+00
1.957403927672146660e+00 1.561838340649901236e+00
1.936973287547210321e+00 1.557923164233870450e+00
1.934045895567789941e+00 1.552784595384228528e+00
1.835419480550148030e+00 1.536646511629102152e+00
1.888970301417876474e+00 1.503341021315492965e+00
1.920590172820569652e+00 1.592582475578446566e+00
1.909209919507139697e+00 1.617345480856133166e+00
1.933347294124180715e+00 1.552758357412454826e+00
1.903905149138715336e+00 1.550930976224687230e+00
1.980162129686312111e+00 1.574473036161108119e+00
1.931357447044426578e+00 1.589266458751834810e+00
1.900850574739380017e+00 1.503781391294687797e+00
1.926561005617676958e+00 1.560237253260866153e+00
2.040080690144464359e+00 1.520363282563614638e+00
1.918058179782012429e+00 1.580313880054174502e+00
1.819550708489173108e+00 1.584023678884955544e+00
1.874291007311990054e+00 1.585729460110177014e+00
1.931647106930563407e+00 1.527291310712674433e+00
1.962950574909110291e+00 1.570524026408175899e+00
1.855381792450933709e+00 1.656985016612056327e+00
1.934639073179651447e+00 1.569913911639078785e+00
1.932787615659021796e+00 1.521562461153870949e+00
1.903428133047207149e+00 1.495026201897724949e+00
1.889871748459310385e+00 1.564948313331875784e+00
1.959259068398998549e+00 1.525543873538990569e+00
1.903796477667424991e+00 1.571478082254632591e+00
1.913002882876829513e+00 1.533207073582697477e+00
1.931709535114836562e+00 1.543464258895301144e+00
2.019457716131048741e+00 1.590444336035556905e+00
1.938993771229719609e+00 1.539403243521271891e+00
1.960608023495229224e+00 1.531886051959098660e+00
1.894134547295011517e+00 1.537641668510766557e+00
1.936849239503729336e+00 1.503249910353900098e+00
1.908405938923173339e+00 1.574096614364580038e+00
1.865449736564983141e+00 1.537588530254491381e+00
1.934125700886479837e+00 1.559803903170709605e+00
1.930723148849165405e+00 1.532396402202228058e+00
1.932844270341036008e+00 1.553687385315491110e+00
1.931693151984961387e+00 1.607941233644763601e+00
1.916380290254322771e+00 1.568722330855906621e+00
1.917539027698307308e+00 1.580785001041039362e+00
1.896322885526876112e+00 1.554872104719791981e+00
1.943303661788588377e+00 1.559092775107078666e+00
1.956356245567644203e+00 1.573487743944145700e+00
-3.841791805332876564e+00 4.259362249929571576e+00
-3.805168419918532496e+00 4.233686362424115224e+00
-3.827118841994126885e+00 4.247518372515908247e+00
-3.819877760509954534e+00 4.234462166490910562e+00
-3.635510814716423234e+00 4.352998382424218882e+00
-3.882840126149612381e+00 4.243651457613721867e+00
-3.785915657218708485e+00 4.331019009369788009e+00
-3.818259130155166492e+00 4.289851465232470851e+00
-3.872695844757454431e+00 4.261666326440733066e+00
-3.881272969844910214e+00 4.250964397792921901e+00
-3.720851983911973360e+00 4.136567477453831465e+00
-3.759963047710801920e+00 4.256997576587794541e+00
-3.812220637443921145e+00 4.276401411084546744e+00
-3.836464870596565824e+00 4.279781253004448338e+00
-3.800893807823454651e+00 4.250919751885033904e+00
-3.819330112009574396e+00 4.219834810164783789e+00
-3.806197712924803245e+00 4.259184552644356359e+00
-3.795823680012049284e+00 4.235187820609707110e+00
-3.871626764718198999e+00 4.272304606191976717e+00
-3.870657315049907954e+00 4.319721818123364976e+00
-3.747538612222256482e+00 4.266868769180552690e+00
-3.799800186254536527e+00 4.249023829909394756e+00
-3.798311015589013628e+00 4.207097223872651170e+00
-3.777624439140391033e+00 4.247027121541517403e+00
-3.811549314341504680e+00 4.222362484401839033e+00
-3.883928362701301928e+00 4.284037649647049584e+00
-3.843724821072548092e+00 4.241725032884501978e+00
-3.837085409236518085e+00 4.304623675700211649e+00
-3.805683061166559966e+00 4.183828052685506727e+00
-3.819844908924669546e+00 4.239575919776595647e+00
-3.825609217207293522e+00 4.242695147379596854e+00
-3.841639570550953398e+00 4.218181432483756765e+00
-3.821294491080030387e+00 4.428508832810264195e+00
-3.805297047234954544e+00 4.257705180199730322e+00
-3.938496007317198622e+00 4.361319395687639933e+00
-3.819657725971334905e+00 4.257689739317173760e+00
-3.818572325965326808e+00 4.244318394465331323e+00
-3.814441840407535533e+00 4.270611683136800174e+00
-3.816039651888005757e+00 4.225692125350724027e+00
-3.815907373206760322e+00 4.290301237286787028e+00
-3.833786984544636400e+00 4.261014339325876144e+00
-3.637290765654266789e+00 4.189067163269776017e+00
-3.913317595360421119e+00 4.260022249626818969e+00
-3.648863950794889455e+00 4.326296386612984435e+00
-3.812482407345200830e+00 4.248530633692649161e+00
-3.715028114067075560e+00 4.178115293011077647e+00
-3.801937607159490362e+00 4.393257451087758447e+00
-3.842497304616140585e+00 4.256565202381498381e+00
-3.816997173506165186e+00 4.235937405091949159e+00
-3.740579377834908570e+00 4.104984184686968796e+00
-3.799183814349914812e+00 4.253043976801517800e+00
-3.820075892844823962e+00 4.273171967814818117e+00
-3.836373694092193976e+00 4.255885298662978933e+00
-3.785389849018898190e+00 4.241027189339455994e+00
-3.826607683177118524e+00 4.239248078204727044e+00
-3.806624529065719909e+00 4.253654767465743447e+00
-3.793085404397927629e+00 4.287593061142241702e+00
-3.787137048070473355e+00 4.310301219912627602e+00
-3.653490155754878455e+00 4.118178476013394373e+00
-3.844846356212043847e+00 4.197642108430491348e+00
-3.762359735896079194e+00 4.174399267055108886e+00
-3.790057988738028349e+00 4.132488058463606784e+00
-3.835269782438413877e+00 4.373194286159923116e+00
-3.809897987416781096e+00 4.248794967528313649e+00
3.156993014307564183e-01 3.821934383886482323e+00
4.365274596907594007e-01 3.810276309568680908e+00
3.924879841236598166e-01 3.827477582335199191e+00
4.095564847074220638e-01 3.817772573091812394e+00
3.635847632332415702e-01 3.808348681463552765e+00
3.150910791718323223e-01 3.848236005883362676e+00
3.573278025398669011e-01 3.873959506737398861e+00
3.964468583560789017e-01 3.813021830764548259e+00
3.757217495659353479e-01 3.829315166476836563e+00
3.687896388766602751e-01 3.823551915172627602e+00
3.785120929198923512e-01 3.884202187923909477e+00
3.921559164265723263e-01 3.812559379290607176e+00
4.341450594723331169e-01 3.803267940292095695e+00
3.814172536769689925e-01 3.842470804057327882e+00
3.846620795777790924e-01 3.836447729437875598e+00
4.262247755155994522e-01 3.840215990858343531e+00
4.160479155627814785e-01 3.853656865128858300e+00
4.177568419308521075e-01 3.795516310825426842e+00
3.914273321780527559e-01 3.821891936022772995e+00
3.829355523262771288e-01 3.823684540403215593e+00
4.167494816267250379e-01 3.797606390077868266e+00
3.903528742714930666e-01 3.822137330604547412e+00
4.138766664632927972e-01 3.878578578152889200e+00
3.602992902834836197e-01 3.825631045282031462e+00
4.405199952577601441e-01 3.789847095331308147e+00
3.467475209661665669e-01 3.774955418864091250e+00
4.028272627457122890e-01 3.827720344270874708e+00
5.060231029785888790e-01 3.901633357744406005e+00
3.069671128854883912e-01 3.813766475196603611e+00
3.401611105319502504e-01 3.843631339837189298e+00
4.482423183895312691e-01 3.842423817836880584e+00
3.970284347999571972e-01 3.823954971936851077e+00
4.306042075349925113e-01 3.770161994611091139e+00
4.453901878272046866e-01 3.791688024198475837e+00
4.308215204180818048e-01 3.816263770675355271e+00
3.947787520898252689e-01 3.821526315171694499e+00
3.965177482887153326e-01 3.831417985162930862e+00
2.619992994375847650e-01 3.971720422183740329e+00
4.299368528835224024e-01 3.780995003607025673e+00
3.925576850633395454e-01 3.832196455348860997e+00
3.539187886676298245e-01 3.856912607503713009e+00
4.430524187329585861e-01 3.868783997366126215e+00
3.797469202094606588e-01 3.821031877671754007e+00
4.048331858248228055e-01 3.831373421715666971e+00
3.720362988169137464e-01 3.852132659658249025e+00
4.925023402995837851e-01 3.860254190839073285e+00
3.860198045610417905e-01 3.850920052042401398e+00
4.336868202829376462e-01 3.861019477495241325e+00
3.444169716698995409e-01 3.848536447981089736e+00
4.053041022711040831e-01 3.840535516166332819e+00
3.536936042868053520e-01 3.957926752319817165e+00
3.869144376659476858e-01 3.869555387226220500e+00
4.141890903153531145e-01 3.842897947227656985e+00
3.796620950880901790e-01 3.899084848541583881e+00
3.396568267107603623e-01 3.756951443545053060e+00
3.818212026000613601e-01 3.933414590661850951e+00
3.805285517584792165e-01 3.866378205968708404e+00
3.954245298799012875e-01 3.839808710070542475e+00
4.228339721693434861e-01 3.817772361293512162e+00
5.988855707942106754e-01 3.998674554634436440e+00
3.542037852800710707e-01 3.823230587944575376e+00
3.679509847444443760e-01 3.836284824675802341e+00
3.554946744665502534e-01 3.818784528873121253e+00
3.933631516510699422e-01 3.829097281716211221e+00
-3.028410989555509580e+00 -1.923419126106496124e+00
-2.934668417973972154e+00 -1.939794604310964621e+00
-3.039082501471097597e+00 -1.877698402566191804e+00
-3.023085509047065411e+00 -1.903628352032602278e+00
-3.282137148342120003e+00 -1.731313763099572078e+00
-3.073411451211951473e+00 -1.940688767323661912e+00
-3.154405848918949928e+00 -1.877184388432558526e+00
-3.066932697819496845e+00 -1.873667019951818613e+00
-2.995867745116524095e+00 -1.910409407648061109e+00
-3.043154546042905029e+00 -1.899435199719093470e+00
-3.111382373296558423e+00 -1.955451831899939652e+00
-3.119687475231539331e+00 -2.003625842120083433e+00
-3.083987240048531309e+00 -1.869832203553794647e+00
-3.031891041722038160e+00 -1.880859933830346886e+00
-3.055146404982699071e+00 -1.906907405361435881e+00
-3.051944816376047420e+00 -1.951672285340113611e+00
-3.041064412206227363e+00 -1.856663139553024866e+00
-3.015836726308871896e+00 -1.885326523974185431e+00
-3.036669660329704090e+00 -1.890103491306729611e+00
-3.068612160449927906e+00 -1.904380490895852818e+00
-3.069560418065536478e+00 -1.816338301801351918e+00
-3.021242424961277262e+00 -1.870509033298308754e+00
-3.033787687342090589e+00 -1.872962549908163910e+00
-3.031992645337131531e+00 -1.826949778646465683e+00
-3.041464043706170184e+00 -1.920239307206624835e+00
-3.043571216462660711e+00 -1.868980234806246976e+00
-3.035147004040794627e+00 -1.918436051476313908e+00
-3.054236798368079597e+00 -1.892886667358087305e+00
-2.997853865746150426e+00 -1.828417770567951628e+00
-3.024630851802536213e+00 -1.891990417939324987e+00
-2.988388406326953017e+00 -1.902901536075979338e+00
-3.022116609811009269e+00 -1.897241893203829965e+00
-3.051152621216296268e+00 -1.890197348062079064e+00
-3.019525653938210041e+00 -1.881967396389819802e+00
-3.048284512127284351e+00 -1.855714958825625427e+00
-3.115002750878515858e+00 -1.898962406676665715e+00
-2.984680346992126587e+00 -1.774721827539509356e+00
-3.073648081088321771e+00 -1.837839505384287309e+00
-2.992109008202437082e+00 -1.834754181728919686e+00
-3.050349405051287377e+00 -1.887451366726249136e+00
-3.044225134293463420e+00 -1.900392041277945587e+00
-3.037653009338984411e+00 -1.893325165054021708e+00
-3.035358535207422825e+00 -1.881649362322144636e+00
-3.091171585571216518e+00 -1.888489506527014639e+00
-3.069340081758880512e+00 -1.874874611791883972e+00
-3.060380665035924430e+00 -1.715366082762434630e+00
-2.959676107742434503e+00 -1.901227512836572986e+00
-3.048110469393614963e+00 -1.841107120974895262e+00
-3.035479579986780418e+00 -1.827620005039680473e+00
-2.901305099363336470e+00 -1.966437276201579598e+00
-3.045429327867605895e+00 -1.888464220989967357e+00
-3.045721489433830254e+00 -1.895428679025055185e+00
-3.043741930018515340e+00 -1.872886127138903234e+00
-2.985346962313964347e+00 -1.823292634506433529e+00
-3.104087527990736284e+00 -1.924093446667874296e+00
-3.052264384299444799e+00 -1.888337672482749641e+00
-3.115313567391166050e+00 -1.860109830789628438e+00
-3.021457421663776177e+00 -1.884241538406010719e+00
-3.017616375637872661e+00 -1.856200027477134862e+00
-2.948368972360778439e+00 -1.786523369061054467e+00
-3.043147332653435733e+00 -1.854537468077084306e+00
-3.024157358542905349e+00 -1.912282077763697741e+00
-3.041411582402809177e+00 -1.877987782984141374e+00
-3.147830044668845417e+00 -1.938956111223166134e+00
5.373904605287293634e+00 -1.521955864739351405e+00
5.421794924087569356e+00 -1.555945339345773171e+00
5.392365967528228055e+00 -1.501182082676342455e+00
5.365382113466353076e+00 -1.518189546037327142e+00
5.347664996715641550e+00 -1.516914788948469539e+00
5.312455604062598979e+00 -1.524226513394862703e+00
5.355442125350547755e+00 -1.492984446557878542e+00
5.336673956433666710e+00 -1.557249531296359901e+00
5.358863876483334288e+00 -1.526553994040000140e+00
5.398352892780339474e+00 -1.508780229574687493e+00
5.422320898686600721e+00 -1.570330725773032343e+00
5.388915148322175774e+00 -1.496342155903700677e+00
5.358702375681457575e+00 -1.502933612251730944e+00
5.331166624937504928e+00 -1.526014492039743597e+00
5.469674043066843794e+00 -1.603429322280983227e+00
5.289357478515787747e+00 -1.600131096930517582e+00
5.330712873418590014e+00 -1.526546680094210906e+00
5.401643864557239105e+00 -1.526681030475898426e+00
5.387052186871598813e+00 -1.464151300843499204e+00
5.369907681147623180e+00 -1.445818206915794546e+00
5.344985003847456895e+00 -1.546894230844206630e+00
5.410821370429516719e+00 -1.594730338807663905e+00
5.319215336282790751e+00 -1.555395304287255254e+00
5.430046049146142195e+00 -1.514007306793297980e+00
5.371027371860296107e+00 -1.462030955453816894e+00
5.339390012814972053e+00 -1.502369576855512978e+00
5.477738158073579555e+00 -1.644625164379036830e+00
5.302627367696896243e+00 -1.614419918735797710e+00
5.267219932179973085e+00 -1.546713446195198571e+00
5.367028576988005284e+00 -1.525270696340282228e+00
5.390299701794589282e+00 -1.526646306183593538e+00
5.255228533184032713e+00 -1.579767455852592928e+00
5.337459701510388399e+00 -1.562493383039155637e+00
5.389594294651518958e+00 -1.485702032445568754e+00
5.323291438507583351e+00 -1.468073158466790762e+00
5.441205297220207626e+00 -1.528667735105221581e+00
5.390042647227434536e+00 -1.518773002576946585e+00
5.502667073829774935e+00 -1.373010536579037488e+00
5.372479180962399070e+00 -1.503743901008109729e+00
5.444563002529411833e+00 -1.512288482056744376e+00
5.423491204296171375e+00 -1.547174588155075359e+00
5.338373709933201816e+00 -1.506533807492577370e+00
5.378369279237528389e+00 -1.515859715794207530e+00
5.399269919578069121e+00 -1.561989549140914590e+00
5.356856006128477787e+00 -1.510994805318382594e+00
5.318777661227999332e+00 -1.557573001533559598e+00
5.392176017567197555e+00 -1.544381854367382845e+00
5.364018180450261575e+00 -1.523527906631142681e+00
5.395777023543044670e+00 -1.443814370656658630e+00
5.410092690764321866e+00 -1.554214294292419973e+00
5.379614587479522925e+00 -1.539315742528952313e+00
5.378011206116847021e+00 -1.549152284929241619e+00
5.389667397545006011e+00 -1.490874826745140824e+00
5.510673293927820460e+00 -1.512540934792387715e+00
5.335085845205295385e+00 -1.564490761034247335e+00
5.322901874718016124e+00 -1.486877444888062616e+00
5.381704684816280171e+00 -1.601293505714229681e+00
5.357213269154779134e+00 -1.432674812796718378e+00
5.367834122406724973e+00 -1.539966649980738733e+00
5.353363198659938149e+00 -1.520642052981187931e+00
5.380654758775182955e+00 -1.534457769577419306e+00
5.342341970886512748e+00 -1.520823135399482107e+00
5.429273721472695158e+00 -1.551415319901921164e+00
5.397074915213131874e+00 -1.530203460756805578e+00
-6.661833258198167629e-01 -1.848328229953037471e+00
-6.359068411011898903e-01 -1.860597629033060141e+00
-6.059941740410633715e-01 -1.860179432480918438e+00
-6.330933793104634999e-01 -1.842289464098990859e+00
-6.811688036667578050e-01 -1.961598117709483446e+00
-6.934830514684606761e-01 -1.769152665578070938e+00
-6.506596935645461155e-01 -1.826876328484351220e+00
-5.274900972412623901e-01 -1.778809804762206070e+00
-6.396300472997911157e-01 -1.844532682088272146e+00
-5.800664648289911574e-01 -1.982123549470031110e+00
-6.398249623687661813e-01 -1.848336331095192797e+00
-6.744763016869823602e-01 -1.870912076402208468e+00
-5.772619749490087715e-01 -1.857565359300906271e+00
-6.049046347527489154e-01 -1.874270686119700269e+00
-6.700930497443993161e-01 -1.896761416158010860e+00
-6.359959423943544188e-01 -1.844699024038026103e+00
-5.821779550102829104e-01 -1.869619320900428150e+00
-6.348604872274521416e-01 -1.839945255407215763e+00
-5.422723268308204947e-01 -1.944892176685854901e+00
-6.751613444730510949e-01 -1.835931716734718666e+00
-6.808632436375330332e-01 -1.794366455885557210e+00
-6.295740540480623260e-01 -1.844583959152549912e+00
-6.476235816127253742e-01 -1.837379034819997647e+00
-6.079265718766028170e-01 -1.792490393579918795e+00
-6.263346739938506769e-01 -1.883926976402156450e+00
-6.710862331033170536e-01 -1.890469945274529495e+00
-6.626439364714127311e-01 -1.870872825611059609e+00
-6.155222199726821941e-01 -1.847114592958939427e+00
-6.146651147459255560e-01 -1.911895842255017408e+00
-6.777630067871772690e-01 -1.831852622852762291e+00
-6.562986904227473550e-01 -1.862086254051953382e+00
-7.137321690062968793e-01 -1.852828752193570017e+00
-6.380724685896632664e-01 -1.840951753842511085e+00
-6.250876486766260287e-01 -1.919559071176219378e+00
-7.330573906351099955e-01 -1.823719002351333440e+00
-6.790922893964075335e-01 -1.881018413303074954e+00
-6.007588142823333532e-01 -1.859641756538647606e+00
-6.580341402276619345e-01 -1.847290543354044301e+00
-5.678588566456266307e-01 -1.712481139473024161e+00
-6.422646821720522370e-01 -1.849378553356135990e+00
-5.918527353607040409e-01 -1.775446245980174309e+00
-5.995996563740259022e-01 -1.829021279071807449e+00
-6.466801752724060659e-01 -1.874405285034676405e+00
-6.430019372085868934e-01 -1.844570487531667968e+00
-6.354421783382877553e-01 -1.851359295770437674e+00
-6.282517547532311397e-01 -1.819945590583569084e+00
-6.266119526684257313e-01 -1.836146108124855347e+00
-5.536449279580314409e-01 -1.907053777053557608e+00
-6.353567789294687351e-01 -1.781959957182913890e+00
-6.847707694063286388e-01 -1.851626025975883882e+00
-6.408723737656969455e-01 -1.845481235285939547e+00
-6.380857614545150103e-01 -1.830640347435247950e+00
-6.335766409907204189e-01 -1.841010821571715139e+00
-5.406216855003097566e-01 -1.831710926153582886e+00
-6.238125694831258006e-01 -1.832685585829359587e+00
-6.391049202520635575e-01 -1.846880177554715230e+00
-6.292025328056010114e-01 -1.916296889119812219e+00
-5.523620857528341865e-01 -1.672464016606313830e+00
-6.914916061310463213e-01 -1.841799880992677441e+00
-6.511514047285198448e-01 -1.838138007560863096e+00
-6.199919822312925932e-01 -1.824021746285675150e+00
-6.421241466424814082e-01 -1.836575401622753567e+00
-6.647238938677976217e-01 -1.850644239881263475e+00
-6.462354126137017651e-01 -1.838879673168193118e+00
-1.551014132488864439e+00 -1.428619036906729534e+00
-1.543842986882211665e+00 -1.456566261742094692e+00
-1.542501570421180190e+00 -1.394559565031655124e+00
-1.556177782803641163e+00 -1.410529214113811491e+00
-1.658878656882848190e+00 -1.383465866209072637e+00
-1.602496161389893148e+00 -1.475378348110512938e+00
-1.673900873254696942e+00 -1.341846055998039633e+00
-1.558266914945885873e+00 -1.413658794703082089e+00
-1.557314053959396372e+00 -1.413696427221023733e+00
-1.540546716010861461e+00 -1.374572837043514628e+00
-1.573237464341721958e+00 -1.447774220695668079e+00
-1.553868457845974715e+00 -1.402457125331575627e+00
-1.559568798341052220e+00 -1.399224083158435272e+00
-1.561578613608138433e+00 -1.416099035530425265e+00
-1.553748451682215981e+00 -1.414865012465125638e+00
-1.499999353125121448e+00 -1.441699070767855417e+00
-1.554302979019600572e+00 -1.411189110847847594e+00
-1.582398832535367283e+00 -1.415587164192563252e+00
-1.554688446248101208e+00 -1.413657601950913278e+00
-1.551652730852410844e+00 -1.409454058039686597e+00
-1.545407043472621034e+00 -1.400132177547630086e+00
-1.556291012650363292e+00 -1.408114550144480503e+00
-1.552937768256014595e+00 -1.409241253794360826e+00
-1.720405896419914260e+00 -1.632613726445132141e+00
-1.549643339569146461e+00 -1.408194852776279093e+00
-1.536161556591902677e+00 -1.430048999160924206e+00
-1.556150174782148898e+00 -1.416526988721340086e+00
-1.596762631507227637e+00 -1.400879710492887176e+00
-1.544239465691493285e+00 -1.406315273169145952e+00
-1.604365149640147203e+00 -1.368249865491588446e+00
-1.559986234554260998e+00 -1.412825107574072758e+00
-1.560517899988001389e+00 -1.419812182606593920e+00
-1.551204732992948365e+00 -1.416452021758391133e+00
-1.551791803208905529e+00 -1.405858930152099173e+00
-1.561457312367687145e+00 -1.401799128661576965e+00
-1.568280634483938840e+00 -1.394877527093643543e+00
-1.641176871489296918e+00 -1.322531114322920365e+00
-1.553219206261838403e+00 -1.401742224739360720e+00
-1.558930084652136561e+00 -1.372910416608568385e+00
-1.544191358752152521e+00 -1.409247045785240626e+00
-1.562032355876365131e+00 -1.401577936570578498e+00
-1.547543928551055936e+00 -1.417266626676708441e+00
-1.568107655713272930e+00 -1.422627977070594740e+00
-1.569253372152360715e+00 -1.519993117350113776e+00
-1.560729090991661350e+00 -1.394822786622387678e+00
-1.481299954917971951e+00 -1.352263484504920621e+00
-1.527413638247909322e+00 -1.422579685645590342e+00
-1.560532271471389842e+00 -1.419418609231555717e+00
-1.567552284090345749e+00 -1.435867923306376914e+00
-1.441086947723722478e+00 -1.319604279508295175e+00
-1.492591732182085851e+00 -1.219175588607557925e+00
-1.562377100870304014e+00 -1.374852899471555201e+00
-1.566690775215917153e+00 -1.402060909453848536e+00
-1.548657753284292005e+00 -1.408456877852451772e+00
-1.537552829420557821e+00 -1.409471537010276609e+00
-1.549308697076043462e+00 -1.391325729274293765e+00
-1.507015849651258010e+00 -1.435274860128037622e+00
-1.548951622699801911e+00 -1.410613957571653865e+00
-1.562334131583305918e+00 -1.421514461465470669e+00
-1.551251282938557186e+00 -1.412515616599462120e+00
-1.558416390632669124e+00 -1.405377930130586206e+00
-1.569476812454182690e+00 -1.381548710982441364e+00
-1.558216865043072108e+00 -1.370442176717317606e+00
-1.559406296646069334e+00 -1.419592329815414056e+00
