-1.243158903350882083e+00 5.551135566562332535e+00
-1.272292933798061743e+00 5.549975280333742766e+00
-1.307652424688312554e+00 5.471801776804937845e+00
-1.297987594905293918e+00 5.444131820217598339e+00
-1.276655797809834514e+00 5.486003431822422449e+00
-1.302112937570146123e+00 5.471298674587005806e+00
-1.289118737643227819e+00 5.495303623883336819e+00
-1.279733567250110227e+00 5.495668964135726142e+00
-1.290897698264805049e+00 5.491520339699190068e+00
-1.259008981901701407e+00 5.481075364376839509e+00
-1.382066952448568697e+00 5.545459448613303977e+00
-1.303707320497312416e+00 5.494708715497460538e+00
-1.294095699977605207e+00 5.505444125182666681e+00
-1.293593361163838162e+00 5.543288614079961540e+00
-1.288113268142922152e+00 5.504442613174845178e+00
-1.285499447821738750e+00 5.497207721589858487e+00
-1.285741246193882636e+00 5.514993920986658082e+00
-1.288277091203811509e+00 5.515052806121764739e+00
-1.318857161714792614e+00 5.486941344923824460e+00
-1.328046937569069552e+00 5.504747104943550795e+00
-1.293098904575082253e+00 5.500541403525163631e+00
-1.297216431249288204e+00 5.509699310643722647e+00
-1.310278335906700287e+00 5.472039094205899623e+00
-1.267021437717509968e+00 5.518181597911002711e+00
-1.320763202753489907e+00 5.493161877532116044e+00
-1.266312154948207258e+00 5.531259305804958615e+00
-1.279823955666912427e+00 5.508292509788666358e+00
-1.259715131810434041e+00 5.544486349139558179e+00
-1.282934832380534074e+00 5.488281860119111677e+00
-1.288370901025716941e+00 5.498981495317785573e+00
-1.286006403366488859e+00 5.510334779032667996e+00
-1.340125944368409039e+00 5.512774302224970668e+00
-1.325555050781744404e+00 5.457342133379770033e+00
-1.303273239992854160e+00 5.511704066781880407e+00
-1.250935705559314659e+00 5.482569854790754427e+00
-1.312666030301873565e+00 5.481887579912311459e+00
-1.289691201378815100e+00 5.489889186944152399e+00
-1.297248556141364029e+00 5.506610525110422927e+00
-1.277158308231141737e+00 5.484311871701254226e+00
-1.290615716255565593e+00 5.501656991081540937e+00
-1.318562632709508131e+00 5.495411667892998508e+00
-1.238312157784455358e+00 5.514996608134812739e+00
-1.292779641504637089e+00 5.431018498596419164e+00
-1.418384579102979659e+00 5.498729509847660069e+00
-1.274612427127871150e+00 5.464088820117519951e+00
-1.295487375414279274e+00 5.493068519414787687e+00
-1.260658094019167619e+00 5.486293384125898953e+00
-1.321801758965215123e+00 5.500774749701993649e+00
-1.297600119106922412e+00 5.499869870221240298e+00
-1.293254957992189036e+00 5.496169651614640550e+00
-1.309838167186501368e+00 5.562771544863544193e+00
-1.345357931345221525e+00 5.459438075867514506e+00
-1.343503997252764037e+00 5.449638641702878594e+00
-1.291143050142382176e+00 5.502732382658287236e+00
-1.275385954543028832e+00 5.475832867548571237e+00
-1.243099073527127230e+00 5.529500703732446176e+00
-1.168925567357650852e+00 5.507309056774232658e+00
-1.298843675933762487e+00 5.471915634748549806e+00
-1.294630776113294912e+00 5.465971512276834865e+00
-1.293135816055371645e+00 5.446836786764285954e+00
-1.286550565142388969e+00 5.493810900006736553e+00
-1.284954208153553878e+00 5.490876012282288166e+00
-1.291742522544057081e+00 5.498034097228418737e+00
6.717849869257500606e-01 2.575208519189798317e-01
5.906527359824619294e-01 2.638340260649073565e-01
6.414450204267653222e-01 2.912922056875367205e-01
5.974577633196449522e-01 2.440792643643295290e-01
6.373072069761577252e-01 2.719021873031926551e-01
6.274021824842779260e-01 2.803554441832643018e-01
5.560215042298122246e-01 3.022758212171642866e-01
6.431620111237751347e-01 2.703425768202862844e-01
6.390227454819762398e-01 2.413493609202053136e-01
7.223252622600486728e-01 3.364926076827142176e-01
6.085240755112081290e-01 3.228695180798185627e-01
5.574677552021063409e-01 3.063865305340116030e-01
6.448959847417038427e-01 2.810250055176265471e-01
6.753438129224910158e-01 3.450351196415907262e-01
6.282589630201788067e-01 2.238826201264954296e-01
6.680527431113043590e-01 3.177056122494441026e-01
7.124428696698601460e-01 3.101037277242799095e-01
7.003313231099512759e-01 3.423188818791474408e-01
6.627388481635674289e-01 2.374055004529287416e-01
6.393322399335149564e-01 2.749123533911461137e-01
6.101448165477715291e-01 2.775011670772311589e-01
5.759848382543345524e-01 2.209979016795501627e-01
6.536215886406757658e-01 2.506801906095852406e-01
6.438159956969810027e-01 2.673957700411756511e-01
6.445674509988437162e-01 2.900461507946667239e-01
6.390702852427057046e-01 2.564511269233120117e-01
7.149063698397636335e-01 2.925344707446010384e-01
6.120702167530364113e-01 2.785055865912223205e-01
7.011473697717253151e-01 2.712746400892762644e-01
6.009255860083508871e-01 2.604757371778065878e-01
6.522875424184283455e-01 2.884250532629384911e-01
7.478725616772475826e-01 2.623398611417189219e-01
6.463394509266036092e-01 2.778391736245995891e-01
5.694008269141204170e-01 3.195868974794754402e-01
6.321881374367275264e-01 3.017714668082149831e-01
6.388235619973952062e-01 2.737043688936437458e-01
6.632705022652475302e-01 2.933550497003561963e-01
6.889124115474521970e-01 2.644202722579493403e-01
6.242856164914006856e-01 2.600485726791448848e-01
6.538876239014546066e-01 2.731209585586525379e-01
6.546309218271590957e-01 2.113709748935671262e-01
6.384806592368545974e-01 2.687003624556783543e-01
6.243018451045723172e-01 2.647689932484866282e-01
5.523704701924965210e-01 2.779195412309625746e-01
6.775842340804348884e-01 1.666970196202750831e-01
6.694045501129055609e-01 2.369298183613731124e-01
6.513168015445315318e-01 2.684312748461712417e-01
6.545139794601784189e-01 2.983327368895776766e-01
6.250821552782227508e-01 2.867991420506776357e-01
7.391795130074582110e-01 2.840669242138434969e-01
6.323982954746864005e-01 2.898201800657197458e-01
5.243011144591652739e-01 2.663897203597149765e-01
6.506373550943822526e-01 2.735362211434114732e-01
6.848586379087137077e-01 3.191598536725160917e-01
6.537029940388707772e-01 2.673047584228710472e-01
6.803331441797247914e-01 2.737929121393470333e-01
7.111890699968145269e-01 1.672455279763357949e-01
6.700193376830300140e-01 2.704201110764770655e-01
7.903123628379042920e-01 3.351743914498946930e-01
6.671331762475951610e-01 2.461265253093607996e-01
6.448669668010887923e-01 2.779378907244671737e-01
6.737708369065935621e-01 2.974573671969257815e-01
5.849559073068881787e-01 5.136404530242993927e-01
6.322312799290835672e-01 2.550577494940832191e-01
5.702398831131944235e+00 1.076093590308204506e+00
5.705703852746056626e+00 1.079648173229404096e+00
5.702304488901979163e+00 1.052555307852524713e+00
5.708439303738898296e+00 1.068157439328223601e+00
5.731126858015320735e+00 1.076283074923502170e+00
5.697854599050113045e+00 1.077078533306302432e+00
5.644530563060532913e+00 1.219769174134371026e+00
5.714827223755601260e+00 1.109060786507247265e+00
5.680208134825082134e+00 1.033035284440981805e+00
5.694191938699901812e+00 1.077685434447853474e+00
5.774583026410122777e+00 1.093046593556985302e+00
5.729812693131631107e+00 1.031587277717691542e+00
5.646579986570527510e+00 1.103313619091886855e+00
5.719550619848194906e+00 1.086118506288979768e+00
5.675087474287972888e+00 1.031888711778327528e+00
5.762453874281952437e+00 1.150738940825507317e+00
5.671803756773618588e+00 1.107720548831702123e+00
5.687282221727070208e+00 1.111891851924677876e+00
5.758515151201825333e+00 1.046884229959148316e+00
5.755178643812506323e+00 1.135486974608170163e+00
5.706423689103042207e+00 1.026369786547860707e+00
5.665141614964624317e+00 1.106912820761148941e+00
5.751870886934480787e+00 1.069103126767927403e+00
5.712677163037585437e+00 1.124851738288878522e+00
5.771764487362607277e+00 1.103475334977737310e+00
5.698620648119640641e+00 1.077619748018474377e+00
5.710981593121564615e+00 1.002967806412958796e+00
5.691540005431297011e+00 1.068314882952270395e+00
5.701663677122500218e+00 1.063757397016749096e+00
5.709842711424734318e+00 1.071435390473441274e+00
5.682032093484143509e+00 1.094477970453536564e+00
5.727528230971631551e+00 9.939835425518136480e-01
5.731442627203229279e+00 1.061195892021739029e+00
5.699649357384020121e+00 1.064702644416184674e+00
5.725793954175261824e+00 1.171087933015542371e+00
5.700905288757869727e+00 1.027732659027930096e+00
5.655167802629168072e+00 1.087170961092711163e+00
5.754659492162172540e+00 1.098680061657635765e+00
5.720054431944908480e+00 1.105094201097201578e+00
5.687502463178661927e+00 1.062722042601140782e+00
5.678460994474209045e+00 1.097593831918049823e+00
5.715700113035966368e+00 1.040982910147356888e+00
5.705298702496929941e+00 1.061372825333708025e+00
5.746349425887649964e+00 1.045847554647096667e+00
5.693322004187738372e+00 1.058750274153951176e+00
5.711583129921131707e+00 1.069792308930857860e+00
5.663281803378829693e+00 1.079299643413802023e+00
5.719532195924340812e+00 1.102957370957321270e+00
5.684816474669957209e+00 1.048377143499038766e+00
5.665800662148872568e+00 1.040576741885473888e+00
5.595814494081018609e+00 1.110246157216137508e+00
5.699660064909902069e+00 1.070319816098329380e+00
5.638545645511277904e+00 9.802921947409769521e-01
5.675872443552255397e+00 1.049705867505988044e+00
5.709771207073003119e+00 1.020334934352168821e+00
5.799548626374599003e+00 1.080438808730215250e+00
5.728001652997539495e+00 1.081563261145317423e+00
5.670823397254443066e+00 1.080551420351117953e+00
5.769938056942453208e+00 1.120894126193125118e+00
5.696029518659720736e+00 1.065792737172591487e+00
5.729980815569252428e+00 1.131212445074027517e+00
5.715127115665252333e+00 1.078806502066874895e+00
5.722026234603236894e+00 1.124026276013529557e+00
5.732902911903599907e+00 1.038875136359302731e+00
-1.075312149099746595e+00 -2.232726682475666191e+00
-1.073847414567368874e+00 -2.227922037783314213e+00
-1.082674578544312594e+00 -2.220322448026108120e+00
-1.085655075041420670e+00 -2.230948228516439258e+00
-1.071758280109267991e+00 -2.209778816589436090e+00
-1.085236282351428327e+00 -2.227872888941122120e+00
-1.086337580045383833e+00 -2.235353660353287086e+00
-1.090640480567136361e+00 -2.222367199680375105e+00
-1.079137885422341681e+00 -2.232993706643612519e+00
-1.084849954769026459e+00 -2.206880895954259181e+00
-1.074178594064870707e+00 -2.231512174483279320e+00
-1.086337580045383833e+00 -2.235353660353287086e+00
-1.088821524331929025e+00 -2.222461847642554833e+00
-1.101609052271055988e+00 -2.205519785296614188e+00
-1.076061091142179516e+00 -2.232973224368322018e+00
-1.085450306249427399e+00 -2.212433884943278084e+00
-1.071957297978242574e+00 -2.210624875092139785e+00
-1.072765877991619154e+00 -2.224883204086405275e+00
-1.078765895205322067e+00 -2.231688249969876470e+00
-1.180118282349198022e+00 -2.210338554237820219e+00
-1.070502783281824577e+00 -2.229491643846632787e+00
-1.091670483517123147e+00 -2.218486155245650959e+00
-1.082746760819948362e+00 -2.210921534142701983e+00
-1.085333694270515625e+00 -2.187289028291712345e+00
-1.102549201271766144e+00 -2.184455743941454475e+00
-1.087687345083372614e+00 -2.227665544808310472e+00
-1.095253692208797869e+00 -2.237585727253876833e+00
-1.090825720935494125e+00 -2.239248549242923492e+00
-1.078542404710120861e+00 -2.227729599020245921e+00
-1.094951444309043787e+00 -2.260413498766460805e+00
-1.054462780547873235e+00 -2.249061965658047502e+00
-1.080932620501809716e+00 -2.243033364975548061e+00
-1.084917006134949125e+00 -2.231101504497619015e+00
-1.094537542530304997e+00 -2.205978214306668406e+00
-1.073083535527517896e+00 -2.232929047902822983e+00
-1.074106576095968490e+00 -2.233510246615596273e+00
-1.134275270770373822e+00 -2.305979416493806777e+00
-1.071288550169107845e+00 -2.223041095853352189e+00
-1.085788474142257654e+00 -2.256329293007244274e+00
-1.076615568805443734e+00 -2.203047125847867882e+00
-1.069339340216437284e+00 -2.233612032748962140e+00
-1.117154069826296059e+00 -2.303727266409904217e+00
-1.084865773469685601e+00 -2.223029336520099264e+00
-1.074332382944054975e+00 -2.229741833286819297e+00
-1.085865803061964563e+00 -2.234106589941627252e+00
-1.103094103471591536e+00 -2.283930566446403798e+00
-1.092603581317486583e+00 -2.234060742844468539e+00
-1.065072114845627471e+00 -2.232430029789694625e+00
-1.099304523764516484e+00 -2.232584143290154532e+00
-1.079719750301445735e+00 -2.228412509332794667e+00
-1.087852415051931754e+00 -2.218423996789242736e+00
-1.085111193916572292e+00 -2.236915007706630210e+00
-1.081340897196420681e+00 -2.239255236868704646e+00
-1.085111193916572292e+00 -2.236915007706630210e+00
-1.101044407881226483e+00 -2.238316696619476520e+00
-1.069638569076047263e+00 -2.237155190310078812e+00
-1.069236528060907743e+00 -2.207418844609054354e+00
-1.097192455422133950e+00 -2.216791507741888267e+00
-1.086271340170023469e+00 -2.219801949251836160e+00
-1.105590344662311431e+00 -2.238674534176709585e+00
-1.098732344235362479e+00 -2.241441446958779782e+00
-1.136156267501293282e+00 -2.109177757617889171e+00
-1.151413252389794417e+00 -2.309095299350290453e+00
-1.085216104937802628e+00 -2.222720424871701628e+00
1.079441205310840424e+00 2.795727315630738841e-01
1.065403469633941169e+00 3.038020864149759137e-01
1.064299199026917941e+00 3.025631011770089085e-01
1.041924605655665248e+00 4.121871324010173421e-01
1.215327321324416232e+00 2.513229584496659008e-01
1.029907636770260204e+00 3.301589002019332253e-01
1.114468374277783225e+00 2.971253624144275518e-01
1.064407808872214423e+00 3.121529683721520065e-01
1.029365781876063757e+00 2.338006814852687798e-01
9.959354281971243283e-01 2.950296950944368835e-01
1.066716545970218810e+00 3.064473862619515598e-01
1.065021230254681317e+00 3.066010131417378770e-01
1.069233141853421332e+00 3.025695102405547843e-01
1.040467961158225041e+00 2.955177112083604563e-01
1.041956970432431628e+00 3.080879256068216887e-01
1.052855550747033186e+00 3.174489380929678140e-01
1.055701670436606232e+00 3.103207984462769131e-01
1.064870220396315847e+00 3.597696635526800302e-01
1.072440366252622512e+00 2.913411132094539391e-01
1.051587933924172935e+00 3.036086070286924121e-01
1.058777441422898313e+00 3.054654488964224091e-01
1.028074164747865282e+00 3.090255134972601514e-01
1.067297026449761210e+00 3.271875848969308387e-01
1.060077253313145063e+00 3.029504911830609992e-01
1.075926135204789524e+00 3.101699634779863657e-01
1.087387895264591009e+00 3.137459493821539991e-01
1.062037393999494261e+00 2.724642507619450260e-01
1.075966702661378394e+00 3.348048654264591528e-01
1.067551821382292765e+00 3.222562213286669364e-01
1.049897784095296105e+00 3.024080728815726760e-01
1.071645067592101430e+00 3.100742140810673342e-01
1.082248803316953500e+00 2.869818119527014488e-01
1.060204558483169635e+00 3.001484568323629643e-01
1.064101337433124295e+00 3.041325055681785572e-01
1.045063709393889262e+00 3.019232154929347156e-01
1.049974322578457464e+00 3.135061088582636879e-01
1.054858544258236774e+00 3.082958622252975900e-01
1.082725741289047638e+00 3.051777143890608279e-01
1.049206738353334556e+00 2.943190170980958809e-01
1.059671687442613086e+00 3.350954054966720497e-01
1.043306780050802240e+00 3.281685183132510009e-01
1.054342496883189595e+00 3.066760223839131716e-01
1.057136726787829994e+00 2.860896420588715516e-01
1.072746471917496613e+00 3.099006114164781778e-01
1.128101046431742027e+00 3.351707203516418598e-01
1.058078524400687837e+00 3.262037034145630621e-01
1.084326267274189126e+00 2.878666514518948283e-01
1.008715190176434850e+00 3.110654804154832087e-01
1.064366152294291323e+00 3.058528232545763559e-01
1.086939189296232566e+00 3.229465433475411373e-01
1.075387765393116535e+00 3.105198070584394565e-01
1.063887966280429254e+00 3.135446219314582672e-01
1.066379026251572215e+00 3.094365064828119571e-01
1.054653829764274242e+00 3.092507141800716619e-01
1.060538359410049924e+00 3.024433013761115285e-01
1.039122583821264323e+00 3.385671464900563143e-01
1.143903927924678321e+00 3.282409768518336768e-01
1.076748551997601444e+00 3.091478001998984593e-01
1.064169123354782975e+00 3.001843501830688266e-01
1.073450795340694208e+00 3.493369060567149131e-01
1.074769187786196234e+00 3.095953196440919264e-01
1.055399640033605202e+00 2.959534480947479951e-01
1.053533542650452848e+00 3.029563284782775257e-01
1.063762218401629100e+00 3.183790878300403748e-01
7.979225154618112548e-01 -2.735083277972872207e+00
8.282427973396122578e-01 -2.678616547185021624e+00
7.244112169348431163e-01 -2.681136554103523029e+00
7.900333661655914996e-01 -2.719736104817503719e+00
8.073032594541734719e-01 -2.718052836618198409e+00
7.618434436496897000e-01 -2.756596045825284502e+00
7.294376142137926067e-01 -2.721769121274169478e+00
7.182849196159075689e-01 -2.707858487230283551e+00
8.009870319385903326e-01 -2.735023240886752305e+00
7.909379750593587000e-01 -2.722005511368971398e+00
8.191732304239517370e-01 -2.703099857725315580e+00
8.163435126818689991e-01 -2.681470769302105150e+00
7.841169196354914606e-01 -2.756142223055071838e+00
7.879406184737268726e-01 -2.719334688165041758e+00
9.471118857127223123e-01 -2.688571938980108822e+00
8.004023246377611756e-01 -2.722733088578688676e+00
8.530965022335650350e-01 -2.690747234590759707e+00
7.870639811844247768e-01 -2.747326464117524569e+00
7.712094489474050629e-01 -2.699970391502165334e+00
8.110556693948648421e-01 -2.713050784509283275e+00
7.516548749310368871e-01 -2.717439428402040225e+00
8.556973142171484525e-01 -2.772990386690242115e+00
7.914876912868115122e-01 -2.723051712570607741e+00
8.294654072203612172e-01 -2.715084597470882599e+00
7.679893207068544392e-01 -2.730932104637499691e+00
8.609667597950879658e-01 -2.705172818495495068e+00
7.973574117387242088e-01 -2.716625469965096684e+00
8.034678573868755391e-01 -2.720511206441491581e+00
7.981686386359969632e-01 -2.721851350338140296e+00
7.669578774701956148e-01 -2.725994836573321312e+00
8.002184929926337009e-01 -2.704320961193908524e+00
8.166909472180355900e-01 -2.687597449520037873e+00
7.195969694555680585e-01 -2.742462024494042083e+00
7.630687423196873542e-01 -2.703856275570550416e+00
7.267218472831878939e-01 -2.790438571630410536e+00
7.844765075722086589e-01 -2.722405142209801454e+00
8.251139359560206721e-01 -2.736037684984829799e+00
7.902579541639026539e-01 -2.721007379844045282e+00
8.217808575521455827e-01 -2.696329855321947910e+00
7.834980850010696551e-01 -2.752340666891730958e+00
7.550478675185808841e-01 -2.737281195694456049e+00
9.251326473628587177e-01 -2.748447415045216946e+00
8.050642465528664582e-01 -2.712632660490988723e+00
6.643669481885169370e-01 -2.712209479913040511e+00
7.626618574195855871e-01 -2.743869984057750955e+00
7.911761061191907585e-01 -2.731020288083912728e+00
8.008929685794788922e-01 -2.730690948249432370e+00
7.732503985086367493e-01 -2.813313512511504744e+00
7.833338047210508526e-01 -2.721954900995935400e+00
8.512080295633224214e-01 -2.703410963188566551e+00
8.163269389828037292e-01 -2.706739726559106440e+00
7.394740430148857291e-01 -2.747206561543552805e+00
8.035531421405643915e-01 -2.702581470328339730e+00
7.805464117549474334e-01 -2.684017782572437394e+00
7.921066598402237702e-01 -2.722729016004770575e+00
7.547147248109177253e-01 -2.717554821043089763e+00
7.928855601379823925e-01 -2.728530788425203912e+00
8.354855638531130113e-01 -2.742357886051946636e+00
7.925230271261326509e-01 -2.698069303571458466e+00
7.893559517598930375e-01 -2.726836497266592385e+00
8.369580687188445944e-01 -2.726502563379997301e+00
7.950801705130429164e-01 -2.715274880362878562e+00
8.130857224149989904e-01 -2.730996748968671284e+00
8.174348676323743845e-01 -2.760282247264334909e+00
-3.071884468373901278e+00 2.123238333676342737e+00
-3.057712764010261264e+00 2.092776822387090618e+00
-3.047818941044333041e+00 2.098446594929753051e+00
-3.172063566491911235e+00 2.271566122906257590e+00
-3.069280988926774256e+00 2.091971061154924261e+00
-3.070842941835370876e+00 2.098493566343499594e+00
-3.033666948849971234e+00 2.046389581334123520e+00
-3.063646905175001489e+00 2.105898166311231279e+00
-3.069813747055776698e+00 2.093421112179032928e+00
-3.071140842745807120e+00 2.073612482380458033e+00
-3.068832479512179301e+00 2.099137360466546642e+00
-3.089500334093570277e+00 2.088407767475377597e+00
-3.077821488999368249e+00 2.103414678989878883e+00
-3.041725109590615261e+00 2.126446631926769193e+00
-3.042858890401573646e+00 2.099500287213303285e+00
-3.076303960241841384e+00 2.093795899579852016e+00
-3.065160592565213449e+00 2.093652114248226059e+00
-3.049476039032315899e+00 2.097920558278938863e+00
-3.044996438133996453e+00 2.088801965752853373e+00
-3.067303237132145366e+00 2.091034086706445194e+00
-3.137630650616349381e+00 2.143217302261264390e+00
-3.049763586521748504e+00 2.098157375066230124e+00
-2.964686704821420715e+00 1.990829522118755746e+00
-3.077619693897824416e+00 2.118631256939517371e+00
-3.060361613455711005e+00 2.078059779639712890e+00
-3.073722450667188077e+00 2.051344575999961339e+00
-3.048519985686062750e+00 2.107900866215548952e+00
-3.176166500873176091e+00 2.124858809849254904e+00
-3.164125989901462876e+00 2.089134035570025638e+00
-3.051622556557279431e+00 2.126494282186911722e+00
-3.053314835074530276e+00 2.094081266470452007e+00
-3.067427760151696603e+00 2.113561505199617052e+00
-3.166634084874109689e+00 2.008257018693876628e+00
-3.060374738230248415e+00 2.084072096195692225e+00
-3.037577359372960473e+00 2.039881002095813578e+00
-3.065923947816115547e+00 2.093252749447801264e+00
-2.990010690078590105e+00 2.059858084685388668e+00
-3.054242253825515174e+00 2.141407419057666850e+00
-3.038801364303819863e+00 2.068930810237395335e+00
-3.041118040539601886e+00 2.107281230051651910e+00
-3.079642149155887410e+00 2.040262332262205103e+00
-3.069525975934295214e+00 2.091410637565364716e+00
-3.070628320054063387e+00 2.088632511941822312e+00
-3.064651507832162114e+00 2.092158777524588231e+00
-3.058924433389208275e+00 2.115474027699516313e+00
-3.070217916031098504e+00 2.093228533105940592e+00
-3.064106215255608667e+00 2.108138436793619341e+00
-2.995280271159852514e+00 2.129782082727626147e+00
-3.090789164639769382e+00 2.061487292523927373e+00
-3.058086736449614484e+00 2.090189511466477246e+00
-3.051805835890315954e+00 2.080003285885151598e+00
-3.071664342873168252e+00 2.078486777115621464e+00
-3.100073268032021545e+00 2.071313250711672715e+00
-3.080977303471673867e+00 2.109700980588795183e+00
-3.056123008493551563e+00 2.085170154823015931e+00
-3.025859352705571492e+00 2.070943654411566470e+00
-3.077464112739867197e+00 2.117225347442698524e+00
-3.048240889087196148e+00 2.085233715033798951e+00
-3.056712945962026140e+00 2.099428270025138321e+00
-3.050567360798857486e+00 1.949148731454886319e+00
-3.029993931522640072e+00 2.103578963239476352e+00
-3.071392118402150206e+00 2.073545738413415940e+00
-3.052345513006292421e+00 2.115628357327706599e+00
-3.063332633930340609e+00 2.090877301338710748e+00
3.643032266200878944e+00 1.509092971977960662e+00
3.597863804253313091e+00 1.538244707812996159e+00
3.606739425660142828e+00 1.541230991265455597e+00
3.593467227953832666e+00 1.529902465964168234e+00
3.600734432623938996e+00 1.539066493583718165e+00
3.602250128816305352e+00 1.524104087334319901e+00
3.602800869781975113e+00 1.533474677195213465e+00
3.613751935367628842e+00 1.524732305813670363e+00
3.607107675571652461e+00 1.534451146961829604e+00
3.632014882235154118e+00 1.554374227728292368e+00
3.605336448779692393e+00 1.547036738623865038e+00
3.598829399459360090e+00 1.523605843122622705e+00
3.610695499132984931e+00 1.529744679062841728e+00
3.605842900692536102e+00 1.527896477352023386e+00
3.595505857454293075e+00 1.529435787595601504e+00
3.593729081574159601e+00 1.520287242991998466e+00
3.586839957823373393e+00 1.505593696658499070e+00
3.600659043985066088e+00 1.528757784930328212e+00
3.598683294512480924e+00 1.531677019751991109e+00
3.581233521296161459e+00 1.575347514114909364e+00
3.578265063786979283e+00 1.543204045015686310e+00
3.601233361228839414e+00 1.534428934104027809e+00
3.601167854836335280e+00 1.524333624181961611e+00
3.609411365012248574e+00 1.553855536227643386e+00
3.612584178060525009e+00 1.523604286441251565e+00
3.601916178515567335e+00 1.518849988677596574e+00
3.645287648553426685e+00 1.454393731805873502e+00
3.623302336525768830e+00 1.538725918106264912e+00
3.598157591363394303e+00 1.527947751406331989e+00
3.592414639049112512e+00 1.534177872449758340e+00
3.583305304345699049e+00 1.469372688759273959e+00
3.617606891074973685e+00 1.548996177144363440e+00
3.515903286475929423e+00 1.544413736445052754e+00
3.462030422145105923e+00 1.461600325794096378e+00
3.569443138803566562e+00 1.554411840291763269e+00
3.598226653473421965e+00 1.539469857864417479e+00
3.591823365900194354e+00 1.503800149728725666e+00
3.586124847476655386e+00 1.480040292935471680e+00
3.653019581536006921e+00 1.541756343610197089e+00
3.602513593602163056e+00 1.549658675933438978e+00
3.596629725613102568e+00 1.526794957629208138e+00
3.578153162861932746e+00 1.529876556960107381e+00
3.627280438842171328e+00 1.556990819398359926e+00
3.583255159308698978e+00 1.527899425283871349e+00
3.591975661768861183e+00 1.538971174584622625e+00
3.630768174922187619e+00 1.530342792618051284e+00
3.600250049238381767e+00 1.541706122121150768e+00
3.669749992929828508e+00 1.518368683479505377e+00
3.537303365861076188e+00 1.460264439889375154e+00
3.600930004501523118e+00 1.532114881053483257e+00
3.607719012680418391e+00 1.529315740139468804e+00
3.607306307346438867e+00 1.525492209692237866e+00
3.592827942663195717e+00 1.531217081762867194e+00
3.602500179211454601e+00 1.517864944306274388e+00
3.590903728309716936e+00 1.528613504929099642e+00
3.601416686591989436e+00 1.519908062271392968e+00
3.603973271038511950e+00 1.527713026978721356e+00
3.643040062538720036e+00 1.436362796419552668e+00
3.600873178940325658e+00 1.538779323425959467e+00
3.503721084717986933e+00 1.584151468957444742e+00
3.601223719542053114e+00 1.526088299731017894e+00
3.634897597251315116e+00 1.591878509960583221e+00
3.595915842287842779e+00 1.534454981492658021e+00
3.613592244472579651e+00 1.570952604027296529e+00
1.361708356861370595e+00 -4.566580185303030781e+00
1.404116585190270605e+00 -4.572073266552960646e+00
1.387505324323994982e+00 -4.563885207338982397e+00
1.386885033892673702e+00 -4.533274535180900067e+00
1.378994496605596032e+00 -4.546372238951255973e+00
1.341995422057642662e+00 -4.560647695352472830e+00
1.383793681102558626e+00 -4.557931754332302354e+00
1.406198526425933570e+00 -4.562132560910258761e+00
1.398303038376041973e+00 -4.566273179744719357e+00
1.443069922312143039e+00 -4.454776822404832970e+00
1.411652324818143400e+00 -4.565328024706790444e+00
1.339653407652656947e+00 -4.577507248848952770e+00
1.382065754521778933e+00 -4.556699730600358045e+00
1.423541057027747136e+00 -4.540600584736202983e+00
1.408825719850834712e+00 -4.567280269427213213e+00
1.482100442298902365e+00 -4.594919385162877568e+00
1.356742290912581250e+00 -4.549812734368236633e+00
1.433308501855119488e+00 -4.533171617544615728e+00
1.427647479637520034e+00 -4.544309926772961639e+00
1.371327235188328553e+00 -4.507760432928812122e+00
1.404046264070946792e+00 -4.557909109555078331e+00
1.371135570296077688e+00 -4.473745149069321414e+00
1.323807314008928815e+00 -4.585389711696180370e+00
1.395893243135410744e+00 -4.560154904864006653e+00
1.358114917445730763e+00 -4.706472863046585076e+00
1.388185287781981803e+00 -4.578069372546327287e+00
1.431871448520597889e+00 -4.558160076637340907e+00
1.389323761648042055e+00 -4.557863294660146281e+00
1.380978980545644719e+00 -4.612322384045604018e+00
1.375508322165848396e+00 -4.525031811460384468e+00
1.376767815949280660e+00 -4.558960882506201351e+00
1.328483014581137933e+00 -4.673387125869534309e+00
1.367543029576587132e+00 -4.562479725982284684e+00
1.384919844535064115e+00 -4.541211702086696889e+00
1.415641100623739712e+00 -4.538846645955683989e+00
1.401702523837220937e+00 -4.570227327555851815e+00
1.389739302397408505e+00 -4.564992719242165542e+00
1.391055852724143449e+00 -4.558705092268224845e+00
1.383934740136656849e+00 -4.524820676481025039e+00
1.396745178278652855e+00 -4.567991322587075409e+00
1.352510559258621958e+00 -4.588467700869777843e+00
1.493009116729376862e+00 -4.601394875317230237e+00
1.404431060112361740e+00 -4.628475977881074677e+00
1.407616109729934006e+00 -4.518662993185428967e+00
1.395305172848644748e+00 -4.501098514491291169e+00
1.386318245706063434e+00 -4.561642800705352663e+00
1.392822397795901557e+00 -4.585753686741315782e+00
1.439609662997049178e+00 -4.508746380823567712e+00
1.384802288689817695e+00 -4.549233179314348341e+00
1.368670766932911453e+00 -4.567100477206492037e+00
1.351273538696388998e+00 -4.560620653764760668e+00
1.398728796549247644e+00 -4.542562422086630747e+00
1.398049963495940018e+00 -4.555240362227175765e+00
1.387867220387025258e+00 -4.563718499797585260e+00
1.391052350336585697e+00 -4.568572800756892427e+00
1.371388255867269423e+00 -4.562424644341964708e+00
1.320962250360223189e+00 -4.624774715574726081e+00
1.381795668463107196e+00 -4.520521344237595329e+00
1.412695950275151713e+00 -4.551163855111190593e+00
1.398309538093989390e+00 -4.552974099828347221e+00
1.395831600525437866e+00 -4.547863930100742635e+00
1.395844900517938081e+00 -4.560156238445058463e+00
1.403717275696746425e+00 -4.554867067383600698e+00
1.385142334750317783e+00 -4.468902645625933978e+00
-2.687862447595695592e+00 4.617051124894564929e+00
-2.612717928751108865e+00 4.609291729878223443e+00
-2.605531520708127324e+00 4.635240728491153206e+00
-2.610834420533377109e+00 4.628765374276181177e+00
-2.635129191494773426e+00 4.620173342150106777e+00
-2.621434948023768641e+00 4.584417753029331521e+00
-2.589323837800002526e+00 4.598025173382211506e+00
-2.680861492091924703e+00 4.656226367935831334e+00
-2.613821836440569424e+00 4.617612372092305684e+00
-2.618061996174949613e+00 4.608816141150419377e+00
-2.634108398027894538e+00 4.603854104443281692e+00
-2.631356770169863246e+00 4.588768575142668560e+00
-2.551101966907957319e+00 4.585945829698036214e+00
-2.617940022432224900e+00 4.575116780318608356e+00
-2.603859443719340305e+00 4.632343408713317956e+00
-2.621651403633742827e+00 4.607958086492717875e+00
-2.610901649610683606e+00 4.616521813342258973e+00
-2.615602850406117952e+00 4.626923136999123720e+00
-2.611558606902825375e+00 4.609635463341863471e+00
-2.572921765545909789e+00 4.606415871855789490e+00
-2.636385350697268759e+00 4.594377727757493091e+00
-2.558570306806807526e+00 4.630621918538037285e+00
-2.622028734703700792e+00 4.603842434124769234e+00
-2.617144280915919552e+00 4.605237255385218553e+00
-2.618465547740628008e+00 4.637796396768442797e+00
-2.654628959970565472e+00 4.644864648181523670e+00
-2.602377230771744987e+00 4.636667544224454929e+00
-2.587039725101926368e+00 4.633111037507818608e+00
-2.617733449487996911e+00 4.617613153109268787e+00
-2.570623681572774988e+00 4.506189719731346521e+00
-2.603005999807915138e+00 4.623938532992248440e+00
-2.621651403633742827e+00 4.607958086492717875e+00
-2.627792056142605137e+00 4.610081789989798118e+00
-2.604842588372194623e+00 4.588474288427799586e+00
-2.610647273335797713e+00 4.603572704834347107e+00
-2.607284363110787595e+00 4.618771005002693109e+00
-2.609315644597085537e+00 4.609025086234878721e+00
-2.631400962857255887e+00 4.623142611972961724e+00
-2.633465818024692151e+00 4.627452721560656457e+00
-2.610443240677129406e+00 4.603566422440592554e+00
-2.626335450136227490e+00 4.600660325593028510e+00
-2.614799382943504558e+00 4.625302908891042009e+00
-2.619973865692300841e+00 4.611962977667322328e+00
-2.604776976808673705e+00 4.598904570557929894e+00
-2.568887053426107681e+00 4.589225790866335863e+00
-2.630574475692241343e+00 4.614243830171128380e+00
-2.621812888182978973e+00 4.612578408212916870e+00
-2.616112409861787835e+00 4.603438660989684905e+00
-2.622376258665767512e+00 4.611973791777913334e+00
-2.642261393427795202e+00 4.612989479547276339e+00
-2.614971992228669606e+00 4.608661869782221920e+00
-2.623516235910112293e+00 4.611138823993531588e+00
-2.657988240184781414e+00 4.619207419257107539e+00
-2.644599723431624305e+00 4.629055692365965591e+00
-2.629227318005785019e+00 4.635775200142438379e+00
-2.628591180164140173e+00 4.617220024227965069e+00
-2.601538602444092518e+00 4.597206046097393362e+00
-2.611609385403172112e+00 4.592573028339423935e+00
-2.594634506735808088e+00 4.591125335743568847e+00
-2.634610338141098129e+00 4.665245321123911992e+00
-2.612616132365193966e+00 4.566882831771801321e+00
-2.624759937538108989e+00 4.612211303199681645e+00
-2.612244954061454738e+00 4.606986894442284708e+00
-2.648296649082167331e+00 4.648882327220998256e+00
-3.705831818503861896e-01 1.004479976854544043e+00
-4.448312495571015157e-01 1.063393367764384756e+00
-4.003002624953916899e-01 1.035384234061127007e+00
-4.017033408081433499e-01 1.023759079934952521e+00
-3.711795455713139402e-01 1.038587131400189767e+00
-3.846548056524865533e-01 1.006988289784164436e+00
-3.393206229820058262e-01 1.051639365323865594e+00
-3.964404017622774612e-01 1.052519471427716180e+00
-3.983943094422818798e-01 1.050152194332830913e+00
-3.718652065660927319e-01 1.030221799427863738e+00
-4.298830796051375525e-01 1.091706850344062341e+00
-3.807657998620877504e-01 1.042575280411369487e+00
-4.460297129202268063e-01 1.053560213226941711e+00
-3.455782958657945825e-01 1.009110224112378384e+00
-4.554241674546811169e-01 9.645196519383959499e-01
-3.432581599381114845e-01 1.028849209410933829e+00
-5.329041497618584033e-01 1.008334761443852701e+00
-3.789310103982304612e-01 1.030591346052712520e+00
-3.963934740693658143e-01 1.048150991392558185e+00
-3.666938189606689935e-01 1.057899362296305323e+00
-3.967871230456656573e-01 1.049459173365325793e+00
-3.866900598954866042e-01 1.072084024234856159e+00
-3.054245415119503093e-01 1.105008549503570192e+00
-3.706816489924835145e-01 1.087585521768057006e+00
-3.946681427265290032e-01 1.030783362572526007e+00
-4.402628187856525432e-01 1.036838797038507787e+00
-4.200103577098844299e-01 1.051555717913369437e+00
-4.162776270731393669e-01 1.036430782271217765e+00
-5.183569513022814323e-01 1.104207899813933302e+00
-4.802208393522606755e-01 1.008976807459107672e+00
-4.361416398113665549e-01 9.984916953643299120e-01
-3.773117275377600999e-01 1.036901462366840665e+00
-4.039308839740464174e-01 1.015463717099173602e+00
-4.855647155039205520e-01 1.018437681232755132e+00
-4.187394605991052177e-01 1.036840530981128605e+00
-3.727828636419356911e-01 1.018375890224979763e+00
-3.867587461516527880e-01 1.032524590775783624e+00
-4.266251062003071359e-01 1.035298771243832183e+00
-4.626901125382418267e-01 1.051144226069509191e+00
-3.583131286900125279e-01 9.871116713499867856e-01
-3.897895742567462074e-01 1.022722258268638829e+00
-3.762899103873865170e-01 1.038921906191284661e+00
-3.963542215347094499e-01 9.764076207671189556e-01
-3.225240081053085683e-01 1.094766533348357607e+00
-4.010454082318181679e-01 1.048471200078574972e+00
-3.912330759902321597e-01 1.036403468296212438e+00
-4.097153552974858171e-01 1.046409735746048675e+00
-4.066904312911529540e-01 1.039826079678624060e+00
-4.000699898631051021e-01 1.001202136368396500e+00
-4.108962566881679823e-01 1.019817058871749671e+00
-3.687894020366305758e-01 1.018235549729068934e+00
-4.112996516909593336e-01 1.032595784691446195e+00
-3.847521717455384960e-01 1.036044946963572189e+00
-3.056417028781174827e-01 1.081129764553093064e+00
-3.900344709969486012e-01 1.036916741492555749e+00
-4.579130071731149498e-01 1.103736121304478068e+00
-4.943391834220283165e-01 1.076484271544511762e+00
-4.003692754772796292e-01 1.014784991822374582e+00
-3.602090518920309514e-01 1.007244164989449020e+00
-3.626072633271207879e-01 1.021344636738080736e+00
-4.195622234992713584e-01 1.147927815013078057e+00
-3.677201040813909971e-01 1.037780708950062802e+00
-3.882450176957644716e-01 1.031183440181324684e+00
-3.929331469318282366e-01 1.029480640061408270e+00
4.671685630725313843e+00 -1.122750497369335437e-01
4.623435334484145898e+00 -4.623795598607576690e-02
4.580629468422532824e+00 -1.916635443967512897e-01
4.635736957562275329e+00 -1.207302921966157960e-01
4.738425396677877544e+00 -2.761850630219148117e-01
4.618964741860573042e+00 -1.462741288884858715e-01
4.646850901399961487e+00 -7.242318817923233676e-02
4.621004123361072580e+00 -1.487635499375900283e-01
4.634997341891576639e+00 -2.241975258572031782e-01
4.532518475768963384e+00 -1.843035289896204076e-01
4.653431679568300616e+00 -1.625022201196847371e-01
4.681232903244058718e+00 3.358405515145367753e-02
4.643788047291592669e+00 3.120772468385492673e-02
4.666522000542867588e+00 -1.183400328392755774e-01
4.629589457032524002e+00 -1.473813460141826515e-01
4.649768996173914815e+00 -2.215145876069025133e-01
4.691005983451078443e+00 -2.028783380640645784e-01
4.628675247032253637e+00 -1.545703959511817438e-01
4.800751262981780343e+00 -1.242528492462593726e-01
4.637197880733574529e+00 -1.408213624902407701e-01
4.583728394702504261e+00 -1.307355349752907236e-01
4.518278080658862272e+00 -2.418588890851125217e-01
4.641161191947257514e+00 -1.420016718083756957e-01
4.548656990067463823e+00 -1.275301053876859991e-01
4.652098151893998335e+00 -1.764523372768257714e-02
4.716581483347657588e+00 -1.328921846101306092e-01
4.638013985901308089e+00 -1.324442675989712381e-01
4.651644571901393910e+00 -1.287776944439043836e-01
4.719712934546628880e+00 -1.431781723157417863e-01
4.625161129557811002e+00 -1.347673916555678086e-01
4.617746313596217789e+00 -1.709617970591657543e-01
4.686287036685466312e+00 -5.797759130132583427e-02
4.705553926338363446e+00 -2.686226918548738074e-01
4.624986415385918370e+00 -1.675922986320889374e-01
4.628145944860238892e+00 -1.539675301728005707e-01
4.674326665365004629e+00 -1.599584509575374958e-01
4.468659111854169197e+00 -2.477496374605941409e-01
4.624921742697261529e+00 -5.534285129967994599e-02
4.615953048670913716e+00 -1.520800588438588619e-01
4.631069038026848439e+00 -1.397572893181659448e-01
4.612429001736791712e+00 -1.099980796138489980e-01
4.698496728095538977e+00 -2.180387063825976468e-01
4.613290892988302971e+00 -1.188465817770388566e-01
4.593847209905725926e+00 -1.352582347300627097e-01
4.580465342552765051e+00 -1.441474963044993007e-01
4.566100618105332742e+00 -1.115287980275328494e-01
4.684175330723010511e+00 -7.691812830804196921e-02
4.717514201729295920e+00 -8.590716078859408911e-02
4.625122700783712126e+00 -1.726903017301993359e-01
4.612720872745249778e+00 -1.514116936422823245e-01
4.652344213144059992e+00 -2.020019009224751083e-01
4.613410557192006323e+00 -1.509812947936980398e-01
4.617031485299745164e+00 -1.591950071010532208e-01
4.680360496225968170e+00 -1.599792501375456588e-01
4.622084826425484572e+00 -1.205786614773236565e-01
4.546993906200466284e+00 -1.693511663478740048e-01
4.628945518207546961e+00 -1.380567059414740116e-01
4.655023975004890069e+00 -1.171553870771911143e-01
4.631384295651445271e+00 -1.412901649493384648e-01
4.627592760670674821e+00 -1.572260021974967725e-01
4.621660648563075569e+00 -9.010389386070126461e-02
4.596751941914188677e+00 -1.227863531576093847e-01
4.597347189095671638e+00 -7.202499463760567155e-02
4.607414640336298994e+00 -2.310126570049499950e-01
1.157752658128162082e+00 -1.046432596096733558e+00
9.353202843020047563e-01 -1.015106108682938268e+00
1.186364253480579167e+00 -9.723254094897069155e-01
1.190157644967261064e+00 -9.647803695973400373e-01
1.215065853181498179e+00 -9.508041861726271859e-01
1.200743921069860942e+00 -9.995498583288942029e-01
1.201383427978674368e+00 -9.580510342819102965e-01
1.205169453455029682e+00 -9.654030322921334228e-01
1.199080773836919800e+00 -9.715408082640537568e-01
1.201099483528072831e+00 -9.526730108769622118e-01
1.219262904659032420e+00 -9.413549167800618900e-01
1.186638141680331326e+00 -9.523212327239719555e-01
1.209789870453617411e+00 -9.726998156707116205e-01
1.184055406381859799e+00 -9.716014811411737284e-01
1.266083597590462295e+00 -9.320365705559799929e-01
1.237430106223959658e+00 -9.497884448905826726e-01
1.215183866514462752e+00 -9.585891292161451416e-01
1.198693576669193295e+00 -9.663583572233991337e-01
1.187171409263051203e+00 -9.569676342718566042e-01
1.210183131055208694e+00 -9.528267439603330669e-01
1.134296195343665659e+00 -9.678946749269474736e-01
1.207535787171630570e+00 -9.862800441307467691e-01
1.244690377372061896e+00 -9.919986795441418925e-01
1.203251972473552422e+00 -9.829113625509375840e-01
1.205263270672978670e+00 -9.610093013919742688e-01
1.214632324850752232e+00 -9.643162657984315489e-01
1.059272656551754954e+00 -9.659473901816952868e-01
1.202169641466399819e+00 -9.689515646351108957e-01
1.222962565275824254e+00 -9.819094925940269336e-01
1.208839196293439944e+00 -9.780610342330975371e-01
1.218180234362672865e+00 -9.798204623769113386e-01
1.195068298072046620e+00 -9.636644554318423150e-01
1.208978188596021131e+00 -9.565177296145058738e-01
1.233453190358070994e+00 -9.885693878448701399e-01
1.248434684645719495e+00 -9.803306669967301046e-01
1.203927138869886004e+00 -9.577352521946594921e-01
1.199210999969528402e+00 -9.655823441900495130e-01
1.162614040972208995e+00 -1.014621889904470331e+00
1.198984574771208234e+00 -9.743952226304748443e-01
1.200915755418735076e+00 -9.717708192292858760e-01
1.207437967131489431e+00 -9.560868238107064210e-01
1.171525481163635973e+00 -9.456627607271458347e-01
1.195185516418052041e+00 -9.703589453855744340e-01
1.210134940469374198e+00 -9.770030714801685168e-01
1.191832789915569846e+00 -9.832004079968630350e-01
1.255378160007829313e+00 -1.023738124590565235e+00
1.199202545548627707e+00 -9.660675096811974782e-01
1.204579543880850201e+00 -9.365559886075914831e-01
1.207990280066004063e+00 -9.705570343292942992e-01
1.197038680540926991e+00 -9.577104658045103580e-01
1.185204103982337553e+00 -9.539231784595396668e-01
1.208947868818339266e+00 -9.611391765849482960e-01
1.184849117862030843e+00 -9.645402618037894893e-01
1.203277426127992600e+00 -9.271867939040989715e-01
1.194962535276355542e+00 -9.552980152288323978e-01
1.110766960251058144e+00 -9.208358250423628322e-01
1.244582563955182408e+00 -9.576805973963045115e-01
1.205096006250742091e+00 -9.586849353261762685e-01
1.358571739874131268e+00 -9.899612397001212871e-01
1.201557097935471496e+00 -1.005332496108875651e+00
1.204705160132904851e+00 -9.874574971612537500e-01
1.212965915355123991e+00 -9.646565008583128931e-01
1.201239075446494331e+00 -9.566915632471195696e-01
1.128181522365114375e+00 -1.014460452745101326e+00
-4.591434530338338149e+00 -3.842587526767347939e+00
-4.612507133033207474e+00 -3.869699092821392572e+00
-4.625848604073522274e+00 -3.865363112273681789e+00
-4.613286628228820518e+00 -3.884760162913933446e+00
-4.640017363192915134e+00 -3.882578871880004723e+00
-4.646439721670150291e+00 -3.846901294525514547e+00
-4.614503033562373346e+00 -3.900468359944598173e+00
-4.527740062772466878e+00 -3.806988967958699011e+00
-4.576683066781680687e+00 -3.840493677744141188e+00
-4.592156078702232413e+00 -3.856311300123269170e+00
-4.702271551228185409e+00 -3.888361199769996723e+00
-4.622253899385885489e+00 -3.873508715722807860e+00
-4.597765302994528014e+00 -3.873959364977256126e+00
-4.594157544781209523e+00 -3.863283342090293004e+00
-4.576023310403898314e+00 -3.833577529908018811e+00
-4.591518653456774679e+00 -3.984617213858446139e+00
-4.568642591989775958e+00 -3.889785968343355105e+00
-4.606224161186370125e+00 -3.882170084465203175e+00
-4.597497889056581855e+00 -3.853933889206560437e+00
-4.616447335731598933e+00 -3.876157616253443905e+00
-4.618923422210900576e+00 -3.879900666981336066e+00
-4.577550548279247344e+00 -3.850729468161585345e+00
-4.511373416832283212e+00 -3.901311624153757762e+00
-4.603209100378816920e+00 -3.876014467699298471e+00
-4.575509035333957364e+00 -3.891773067183659229e+00
-4.660617366375320536e+00 -3.845787585233988448e+00
-4.591814126721256883e+00 -3.867572128025901446e+00
-4.637658760079568232e+00 -3.882075003828199922e+00
-4.638343802253308112e+00 -3.844022074381078014e+00
-4.609890800168532365e+00 -3.872001628212182744e+00
-4.598418258883262055e+00 -3.879904923147877049e+00
-4.621948192178234827e+00 -3.873727011730073944e+00
-4.552529337977468948e+00 -3.880458467584294802e+00
-4.647287064410251745e+00 -3.903355741462362971e+00
-4.781613897818984604e+00 -3.829960467362370835e+00
-4.562054092787751536e+00 -3.880206095257744625e+00
-4.612651215711932373e+00 -3.913872031141077290e+00
-4.619422496438689407e+00 -3.849319488345084750e+00
-4.530710353377048527e+00 -3.887769774395255951e+00
-4.578397983399317361e+00 -3.800105698067300253e+00
-4.606339009411632546e+00 -3.868095145858517547e+00
-4.607036066823935627e+00 -3.874185998753122195e+00
-4.601489016696831413e+00 -3.869699812858778731e+00
-4.568341125206634601e+00 -3.861036462160827298e+00
-4.596857548468288535e+00 -3.874492927236659945e+00
-4.575936464357573286e+00 -3.864752312749305307e+00
-4.637821813663260961e+00 -3.884996674067269673e+00
-4.604932882632690294e+00 -3.871829009828391399e+00
-4.532402676882185233e+00 -3.888224324164918144e+00
-4.575488504569737103e+00 -3.857028582466171862e+00
-4.592064797371087970e+00 -3.853633440251319708e+00
-4.645426266055430631e+00 -3.872771189920075852e+00
-4.596558247856881607e+00 -3.845090782946746000e+00
-4.720570893762398690e+00 -3.769104776698157799e+00
-4.635490781536294236e+00 -3.874661234402701826e+00
-4.592220974290209590e+00 -3.912473948851484806e+00
-4.597473062222276141e+00 -3.836794560824429379e+00
-4.598208741026892810e+00 -3.842020200368640115e+00
-4.623868608650439249e+00 -3.902108553822376091e+00
-4.424969654154786269e+00 -3.817566272560741325e+00
-4.611279795297801520e+00 -3.883125319266344633e+00
-4.587283495795286825e+00 -3.867748549150922255e+00
-4.629138213579218508e+00 -3.917751086835278951e+00
-4.638232517698138935e+00 -3.898613959109705540e+00
-4.128109710482365635e+00 -7.000680666314219869e-02
-4.173372029540378669e+00 -1.749829630661265956e-01
-4.152024228063540434e+00 -1.947662675031735513e-01
-4.186663223048888050e+00 -1.985396199477203749e-01
-4.134394038368863988e+00 -1.543178191353264117e-01
-4.131491352608321677e+00 -1.458546075961006383e-01
-4.147365105820877140e+00 -1.800447737793749448e-01
-4.201487646975849088e+00 -1.905382554998465428e-01
-4.196505147593099672e+00 -1.482750300163550583e-01
-4.200796510407997175e+00 -1.693780437077633538e-01
-4.140077101454361141e+00 -1.866926560252432921e-01
-4.104405472936796251e+00 -2.526094033242471393e-01
-4.127496144372789111e+00 -1.778723630129437072e-01
-4.068532569676072796e+00 -2.169923712385581627e-01
-4.148847029753409466e+00 -1.758875015028410482e-01
-4.131885417305120711e+00 -2.040755493152743572e-01
-4.189533765008071953e+00 -2.201598750619030709e-01
-4.143220309227507947e+00 -1.458062715017652000e-01
-4.096540758653704373e+00 -1.394970872370166759e-01
-4.163098084275823396e+00 -1.601026078867773539e-01
-4.095812015034293374e+00 -2.429683464189685838e-01
-4.138006063296372439e+00 -1.175871111011034115e-01
-4.159553022747116025e+00 -1.550779469126463972e-01
-4.144078391274812923e+00 -1.715275920447119351e-01
-4.161553907347760983e+00 -1.571852528210920807e-01
-4.144418607004621613e+00 -1.667640901924640484e-01
-4.137983849834951044e+00 -1.536870812534076314e-01
-4.106751529376405863e+00 -8.459190241376550456e-02
-4.152664885803861061e+00 -1.906023507204168688e-01
-4.254003412576000898e+00 -2.063188357499052550e-01
-4.082469885521433639e+00 -4.964425518619726418e-02
-4.165009991073914009e+00 -1.674709890967878145e-01
-4.149722320506623596e+00 -1.472788194499082548e-01
-4.149433847878468917e+00 -1.761270726789907759e-01
-4.147299664881222370e+00 -1.550813912678099260e-01
-4.151697061568686564e+00 -1.777880989780408483e-01
-4.132879359324856949e+00 -1.523843810459392656e-01
-4.096705229140670035e+00 -1.852693730295313923e-01
-4.141765292597303194e+00 -1.657339051778499994e-01
-4.132487241648474807e+00 -1.380148050697438955e-01
-4.149863530581918702e+00 -2.386940393040656860e-01
-4.137210188602550076e+00 -1.367241343878944915e-01
-4.121225185054719908e+00 -1.497061806230309822e-01
-4.038785638836547065e+00 -3.142857367582680556e-02
-4.176540159598344459e+00 -1.528013909950141080e-01
-4.189043446486941491e+00 -1.621257302607555795e-01
-4.115637423356302449e+00 -1.540903882837707795e-01
-4.142607248121139563e+00 -2.097968451226886744e-01
-4.136244264345967814e+00 -1.855165514851624398e-01
-4.167314732483154316e+00 -1.703042946056158580e-01
-4.159704401389406669e+00 -1.943916385700473759e-01
-4.153366708369359728e+00 -1.625707916728236224e-01
-4.113788077589689784e+00 -1.393127055127870995e-01
-4.159241076011258365e+00 -2.139922176170379886e-01
-4.286723817307667161e+00 -3.527200094065394143e-01
-4.105660361533707281e+00 -1.452990938917531893e-01
-4.142288072732312365e+00 -1.457481548477898292e-01
-4.205370307385721595e+00 -1.654503723030104345e-01
-4.164513522303671778e+00 -1.656346200637854593e-01
-4.076295198053704993e+00 -1.731964646654085560e-01
-4.046132144518411522e+00 -1.900105269217757520e-01
-4.102954272662221236e+00 -2.100688340665403386e-01
-4.149003514213682742e+00 -1.562461043073084532e-01
-4.158730740032320128e+00 -1.787960905518302945e-01
-1.817235733039693102e+00 -1.676069485125587732e+00
-1.836901270901323047e+00 -1.703551830822215285e+00
-1.831405018532264339e+00 -1.678352704631046022e+00
-1.844007554715735520e+00 -1.661493430536816529e+00
-1.848203254888916680e+00 -1.664445614120682482e+00
-1.846918195913817229e+00 -1.683369924166660647e+00
-1.844301835659920563e+00 -1.689087671784193390e+00
-1.843388572692727490e+00 -1.662792433120264368e+00
-1.850701420027136779e+00 -1.690371638390955278e+00
-1.893659306051914681e+00 -1.740394829019559886e+00
-1.833263725806600020e+00 -1.663779499922900529e+00
-1.886988213708313156e+00 -1.784675293103898497e+00
-1.824779937036675070e+00 -1.685544409706511981e+00
-1.856546781633170884e+00 -1.674373775451995172e+00
-1.842104026318603038e+00 -1.692736473653079887e+00
-1.845299036179673502e+00 -1.675600822819155233e+00
-1.865036255525539977e+00 -1.685516535938029525e+00
-1.826546605191803563e+00 -1.665913738478613570e+00
-1.837554776406387536e+00 -1.679435414565863871e+00
-1.805295955771086369e+00 -1.683015804933280180e+00
-1.810758546660236057e+00 -1.651171959115581123e+00
-1.876656149157495568e+00 -1.700029914268722742e+00
-1.832821542551537064e+00 -1.686347315811535186e+00
-1.844317054186026095e+00 -1.734808033181031384e+00
-1.789098671917709105e+00 -1.595980251025224339e+00
-1.851658328672326048e+00 -1.700278938304130794e+00
-1.859257221137774474e+00 -1.679321159050311207e+00
-1.834300085779483336e+00 -1.691622548651039448e+00
-1.821626353296790901e+00 -1.681497328084149645e+00
-1.864152986335461337e+00 -1.688526793794888903e+00
-1.847260140396034700e+00 -1.678470170713107334e+00
-1.858764211183644210e+00 -1.672179398245522641e+00
-1.842327124092019375e+00 -1.678848039793938041e+00
-1.895934515452695202e+00 -1.693405884521192561e+00
-1.818153153880119888e+00 -1.622349135071206927e+00
-1.818912980603579754e+00 -1.648047648279701294e+00
-1.851372314549976084e+00 -1.684331162295177986e+00
-1.849156534923526163e+00 -1.697282959208053832e+00
-1.855513922815112293e+00 -1.720135745828336837e+00
-1.813299748306599790e+00 -1.662595685701067971e+00
-1.826532616420262656e+00 -1.694032222275368316e+00
-1.838317561570559366e+00 -1.678759646363628733e+00
-1.858352991711856861e+00 -1.719593570984670805e+00
-1.907511102700616856e+00 -1.699492608709590957e+00
-1.822061103897275824e+00 -1.694157601558391457e+00
-1.840227512913956254e+00 -1.697098654796937112e+00
-1.825858483522182940e+00 -1.779703394854178500e+00
-1.840850005738071005e+00 -1.692884523757107518e+00
-1.863288073213163809e+00 -1.689014520452321699e+00
-1.851149494258591099e+00 -1.672501196501514409e+00
-1.834465800224663212e+00 -1.711269929500643494e+00
-1.837919898454904333e+00 -1.686317796020726067e+00
-1.852045485184117268e+00 -1.694781140399973518e+00
-1.858371882703993894e+00 -1.683985794223885168e+00
-1.823731046108967524e+00 -1.682838750742289502e+00
-1.852257261027344892e+00 -1.692399430931814219e+00
-1.856411410399080530e+00 -1.671934850500498726e+00
-1.842751179619801283e+00 -1.676181546055333538e+00
-1.822173783606000130e+00 -1.694572321655700042e+00
-1.838518692907582963e+00 -1.708036794828479588e+00
-1.841258856537716149e+00 -1.640787305931159068e+00
-1.831649692864798507e+00 -1.680849691971124660e+00
-1.831307821358601151e+00 -1.696049833122283967e+00
-1.846213622616474481e+00 -1.683614125213642954e+00
